round,split,cid,local_num_layers,global_num_layers,model_rate,hetero_fedavg,inclusive_fl,spa_hfl,spc,pattern_weighted_residual_heads,fedprox,fedprox_mu,loss,forecast_accuracy,mse,rmse,mae,r2,nrmse,round_train_time_seconds,round_evaluate_time_seconds,round_total_time_seconds,align_train_loss,align_train_rmse,latent_mean_norm
1,train,12163-0,1,3,1.0,0.0,0.0,0.0,0.0,0.0,1.0,0.01,0.00020075896729484241,0.8489342273891283,0.01207952294498682,0.10990688306465078,0.07510694861412048,0.16865023329174386,0.1510657726108717,10.425311803817749,,,,,
1,val,12163-0,1,3,1.0,0.0,0.0,0.0,0.0,0.0,1.0,0.01,0.007364226544456643,0.24730138764046994,0.4350154399871826,0.6595570028338587,0.6420581936836243,-24.557900850599083,0.7526986123595301,,0.25402535795001313,64.9343130189809,,,
2,train,12163-0,1,3,1.0,0.0,0.0,0.0,0.0,0.0,1.0,0.01,0.00018800845281724275,0.84949175105551,0.011826572939753532,0.10875004799885622,0.07347014546394348,0.18605912753185266,0.15050824894449005,10.034343481063843,,,,,
2,val,12163-0,1,3,1.0,0.0,0.0,0.0,0.0,0.0,1.0,0.01,0.006557964700183788,0.2807425433401297,0.3873571753501892,0.6223802498072937,0.6052273511886597,-21.758703473798043,0.7192574566598703,,0.2626742289867252,63.13486437598476,,,
3,train,12163-0,1,3,1.0,0.0,0.0,0.0,0.0,0.0,1.0,0.01,0.0001926751364086781,0.8527374915256912,0.011486869305372238,0.10717681328240843,0.0716247707605362,0.20943839645178042,0.14726250847430877,9.888300895690918,,,,,
3,val,12163-0,1,3,1.0,0.0,0.0,0.0,0.0,0.0,1.0,0.01,0.0061064485759171755,0.25895211482415637,0.3606700599193573,0.600558123681095,0.5848399996757507,-20.19563991943736,0.7410478851758436,,0.270904278033413,65.44341274898034,,,
4,train,12163-0,1,3,1.0,0.0,0.0,0.0,0.0,0.0,1.0,0.01,0.00017965866124205001,0.855044081991847,0.011070428416132927,0.1052161034069069,0.07021728157997131,0.23809886940277528,0.14495591800815294,9.87793254852295,,,,,
4,val,12163-0,1,3,1.0,0.0,0.0,0.0,0.0,0.0,1.0,0.01,0.005646056389506859,0.26592060094766323,0.3334726393222809,0.5774708991129172,0.5624259114265442,-18.599920578537816,0.7340793990523368,,0.2676805460359901,64.58406726497924,,,
5,train,12163-0,1,3,1.0,0.0,0.0,0.0,0.0,0.0,1.0,0.01,0.0001780093012277805,0.8561853906488271,0.010876673273742199,0.10429129049801905,0.06959732621908188,0.2514338223373202,0.14381460935117282,9.995782136917114,,,,,
5,val,12163-0,1,3,1.0,0.0,0.0,0.0,0.0,0.0,1.0,0.01,0.0051446083603025996,0.2906067469122342,0.3038506507873535,0.5512264968117494,0.5364753603935242,-16.859586768229644,0.7093932530877658,,0.2508893070043996,64.30517778499052,,,
6,train,12163-0,1,3,1.0,0.0,0.0,0.0,0.0,0.0,1.0,0.01,0.0001767069481137284,0.8572625255542377,0.010728009045124054,0.1035761026739472,0.0686802864074707,0.2616652692580316,0.1427374744457623,10.430821180343628,,,,,
6,val,12163-0,1,3,1.0,0.0,0.0,0.0,0.0,0.0,1.0,0.01,0.0047399772621911284,0.3174500208799582,0.2799476683139801,0.5291008111069005,0.514569878578186,-15.454654518690539,0.6825499791200418,,0.27862082404317334,64.3485507540172,,,
7,train,12163-0,1,3,1.0,0.0,0.0,0.0,0.0,0.0,1.0,0.01,0.00017363843436164276,0.857554418120874,0.010701822116971016,0.10344961148777222,0.0681220218539238,0.26346770888701876,0.142445581879126,10.204924583435059,,,,,
7,val,12163-0,1,3,1.0,0.0,0.0,0.0,0.0,0.0,1.0,0.01,0.004388050062243949,0.3414007895423229,0.2591593563556671,0.5090769650609495,0.49470776319503784,-14.23260950157134,0.6585992104576771,,0.2621742499759421,64.10164636705304,,,
8,train,12163-0,1,3,1.0,0.0,0.0,0.0,0.0,0.0,1.0,0.01,0.00017064790174595125,0.8574660137225165,0.010562652722001076,0.10277476695182079,0.06841428577899933,0.27304575204321924,0.14253398627748354,10.209329605102539,,,,,
8,val,12163-0,1,3,1.0,0.0,0.0,0.0,0.0,0.0,1.0,0.01,0.004109497814741818,0.3611722182486472,0.24270345270633698,0.49264942170506704,0.47845888137817383,-13.265295786616736,0.6388277817513528,,0.2492238989798352,64.28318437898997,,,
9,train,12163-0,1,3,1.0,0.0,0.0,0.0,0.0,0.0,1.0,0.01,0.00017426433261622632,0.8562678756031904,0.010757273994386196,0.10371727915051665,0.06940169632434845,0.25965146027336056,0.1437321243968096,10.289724349975586,,,,,
9,val,12163-0,1,3,1.0,0.0,0.0,0.0,0.0,0.0,1.0,0.01,0.0038425482903854755,0.3820517605893239,0.2269344925880432,0.476376419009215,0.46233564615249634,-12.338266437819494,0.6179482394106761,,0.2688735040137544,63.68898582999827,,,
10,train,12163-0,1,3,1.0,0.0,0.0,0.0,0.0,0.0,1.0,0.01,0.00016894974584245445,0.858319029172369,0.01051426213234663,0.1025390761239179,0.06717848032712936,0.27637610420472414,0.14168097082763098,9.843199491500854,,,,,
10,val,12163-0,1,3,1.0,0.0,0.0,0.0,0.0,0.0,1.0,0.01,0.003587940448447119,0.4057160194284338,0.21189773082733154,0.4603235067073281,0.4463832974433899,-11.454112250364773,0.5942839805715662,,0.27175745798740536,63.87173375999555,,,
11,train,12163-0,1,3,1.0,0.0,0.0,0.0,0.0,0.0,1.0,0.01,0.00016468129950583142,0.8590020175155257,0.010222445242106915,0.1011061088268504,0.0672648698091507,0.29646003429159407,0.14099798248447426,10.109994173049927,,,,,
11,val,12163-0,1,3,1.0,0.0,0.0,0.0,0.0,0.0,1.0,0.01,0.003400823675127472,0.4212505014988691,0.2008453607559204,0.44815774093049027,0.43437427282333374,-10.804623347081069,0.5787494985011309,,0.2683839680394158,64.82356017699931,,,
12,train,12163-0,1,3,1.0,0.0,0.0,0.0,0.0,0.0,1.0,0.01,0.00016841765909331372,0.8588784708990767,0.010199207812547684,0.10099112739517113,0.06608673930168152,0.29805940835919076,0.1411215291009233,9.868175506591797,,,,,
12,val,12163-0,1,3,1.0,0.0,0.0,0.0,0.0,0.0,1.0,0.01,0.003260452850458491,0.4337659116208574,0.19255518913269043,0.4388111087161427,0.4251977503299713,-10.317545358271241,0.5662340883791426,,0.26705574500374496,64.01255121501163,,,
13,train,12163-0,1,3,1.0,0.0,0.0,0.0,0.0,0.0,1.0,0.01,0.00016313249737592744,0.8588065087369255,0.010148750618100166,0.10074100762896987,0.06599006801843643,0.3015316518613296,0.14119349126307443,9.755101919174194,,,,,
13,val,12163-0,1,3,1.0,0.0,0.0,0.0,0.0,0.0,1.0,0.01,0.0031469368104693257,0.4440427929820028,0.1858513057231903,0.43110475029068085,0.4176703691482544,-9.923750026369444,0.5559572070179972,,0.2518191769486293,64.23440740897786,,,
14,train,12163-0,1,3,1.0,0.0,0.0,0.0,0.0,0.0,1.0,0.01,0.0001597458942472718,0.859708034503685,0.00997963547706604,0.09989812549325458,0.06655163317918777,0.3131709898451265,0.14029196549631498,10.175082683563232,,,,,
14,val,12163-0,1,3,1.0,0.0,0.0,0.0,0.0,0.0,1.0,0.01,0.0030282821962099036,0.4540104824944816,0.17884549498558044,0.42290128279018074,0.40963810682296753,-9.511794811297616,0.5459895175055184,,0.2523328899987973,64.78442190197529,,,
15,train,12163-0,1,3,1.0,0.0,0.0,0.0,0.0,0.0,1.0,0.01,0.00017040956394914384,0.8575427841826966,0.010161463171243668,0.10080408310799552,0.06587632745504379,0.30065692692533375,0.14245721581730347,10.24813461303711,,,,,
15,val,12163-0,1,3,1.0,0.0,0.0,0.0,0.0,0.0,1.0,0.01,0.002901881241597204,0.46543528200559237,0.17138242721557617,0.4139836074237435,0.4008232355117798,-9.073134561375875,0.5345647179944076,,0.25524214800680056,65.06658478599275,,,
16,train,12163-0,1,3,1.0,0.0,0.0,0.0,0.0,0.0,1.0,0.01,0.00015910486178937876,0.8603057980001525,0.009917236864566803,0.09958532454416566,0.06530396640300751,0.3174650117934078,0.13969420199984753,10.157481908798218,,,,,
16,val,12163-0,1,3,1.0,0.0,0.0,0.0,0.0,0.0,1.0,0.01,0.0028589958568665547,0.4685059849557902,0.1688518524169922,0.41091587024230664,0.39799875020980835,-8.924871458392754,0.5314940150442098,,0.2536551950033754,63.3503134099883,,,
17,train,12163-0,1,3,1.0,0.0,0.0,0.0,0.0,0.0,1.0,0.01,0.00016358939145812656,0.8603659930061238,0.009903116151690483,0.09951440173005353,0.06530243158340454,0.31843739595054593,0.13963400699387613,9.708652019500732,,,,,
17,val,12163-0,1,3,1.0,0.0,0.0,0.0,0.0,0.0,1.0,0.01,0.0027331490745524313,0.4824534717101949,0.16142107546329498,0.4017724174993786,0.38891223073005676,-8.488009494970381,0.5175465282898051,,0.270915009023156,63.98730120703112,,,
18,train,12163-0,1,3,1.0,0.0,0.0,0.0,0.0,0.0,1.0,0.01,0.00016163780373418797,0.8589072127976352,0.00978650152683258,0.0989267482879761,0.06465119123458862,0.32646264547347437,0.14109278720236487,10.10529112815857,,,,,
18,val,12163-0,1,3,1.0,0.0,0.0,0.0,0.0,0.0,1.0,0.01,0.0026677430053300495,0.48983687965161304,0.1575641632080078,0.3969435264719754,0.38422107696533203,-8.261302725765804,0.510163120348387,,0.2648650289629586,64.21239772503031,,,
19,train,12163-0,1,3,1.0,0.0,0.0,0.0,0.0,0.0,1.0,0.01,0.0001556110601334221,0.8609071945051261,0.009627191349864006,0.09811825186918083,0.06591928005218506,0.3374270371660833,0.13909280549487396,9.9361732006073,,,,,
19,val,12163-0,1,3,1.0,0.0,0.0,0.0,0.0,0.0,1.0,0.01,0.0025477803583386577,0.5011548973653643,0.1504775434732437,0.3879143506925771,0.37522298097610474,-7.8449372768011445,0.49884510263463566,,0.2626373309758492,63.569369766977616,,,
20,train,12163-0,1,3,1.0,0.0,0.0,0.0,0.0,0.0,1.0,0.01,0.00015093442890031785,0.8607156429738814,0.009565606713294983,0.09780391972357234,0.06512682139873505,0.34166545755034583,0.1392843570261186,10.290498495101929,,,,,
20,val,12163-0,1,3,1.0,0.0,0.0,0.0,0.0,0.0,1.0,0.01,0.0024702753635901437,0.5083265977800437,0.1459053009748459,0.38197552405206003,0.3694247603416443,-7.576357622006842,0.49167340221995626,,0.2583761370042339,64.5513583329739,,,
21,train,12163-0,1,3,1.0,0.0,0.0,0.0,0.0,0.0,1.0,0.01,0.00015344593054754532,0.8601942423064333,0.00952298566699028,0.09758578619343229,0.06412824243307114,0.34459873871552793,0.1398057576935668,10.22856879234314,,,,,
21,val,12163-0,1,3,1.0,0.0,0.0,0.0,0.0,0.0,1.0,0.01,0.002425177973785481,0.5101857899701115,0.1432432383298874,0.3784748846751755,0.36606478691101074,-7.420099955983161,0.48981421002988845,,0.26333875698037446,64.3054626910016,,,
22,train,12163-0,1,3,1.0,0.0,0.0,0.0,0.0,0.0,1.0,0.01,0.0001497141267008044,0.8614247328575521,0.009458369575440884,0.097254149399606,0.06461308896541595,0.3490458878156584,0.13857526714244794,10.048125505447388,,,,,
22,val,12163-0,1,3,1.0,0.0,0.0,0.0,0.0,0.0,1.0,0.01,0.0023261290436555563,0.5209571150768425,0.13739731907844543,0.37067144357023973,0.3582804799079895,-7.076454600515926,0.4790428849231575,,0.26350196200655773,63.625050771050155,,,
23,train,12163-0,1,3,1.0,0.0,0.0,0.0,0.0,0.0,1.0,0.01,0.0001530726461398071,0.8616541934197434,0.009408007375895977,0.09699488324595261,0.0644407719373703,0.35251166895620617,0.1383458065802566,10.304519176483154,,,,,
23,val,12163-0,1,3,1.0,0.0,0.0,0.0,0.0,0.0,1.0,0.01,0.0022402386247860227,0.5289931020420693,0.13232386112213135,0.3637634686470473,0.3514333665370941,-6.778434419504779,0.47100689795793077,,0.255523893982172,64.89203452703077,,,
24,train,12163-0,1,3,1.0,0.0,0.0,0.0,0.0,0.0,1.0,0.01,0.0001526857987655281,0.8609884157572547,0.009515671990811825,0.09754830593512029,0.06437868624925613,0.3451021862419762,0.13901158424274523,10.32719898223877,,,,,
24,val,12163-0,1,3,1.0,0.0,0.0,0.0,0.0,0.0,1.0,0.01,0.0021964673125794165,0.5324046641817641,0.12974245846271515,0.3601978046333919,0.3479844629764557,-6.62682786386064,0.46759533581823587,,0.24734783900203183,63.61461780004902,,,
25,train,12163-0,1,3,1.0,0.0,0.0,0.0,0.0,0.0,1.0,0.01,0.000152940699893247,0.8615852011263194,0.009416105225682259,0.09703661796292294,0.06356028467416763,0.351954458229556,0.1384147988736806,9.828126430511475,,,,,
25,val,12163-0,1,3,1.0,0.0,0.0,0.0,0.0,0.0,1.0,0.01,0.0021783822385067677,0.5356114286888016,0.12867966294288635,0.35871947667067977,0.34661513566970825,-6.564419301530047,0.4643885713111983,,0.2758170100278221,64.00951270695077,,,
26,train,12163-0,1,3,1.0,0.0,0.0,0.0,0.0,0.0,1.0,0.01,0.0001564450328535215,0.8615519461781391,0.009278944693505764,0.09632727907247128,0.06314310431480408,0.36139434231567136,0.13844805382186084,9.988138198852539,,,,,
26,val,12163-0,1,3,1.0,0.0,0.0,0.0,0.0,0.0,1.0,0.01,0.002103332603028052,0.5438284326501972,0.12424881756305695,0.3524894573785959,0.3404127061367035,-6.303946976352984,0.4561715673498028,,0.2619302599923685,64.87343411002075,,,
27,train,12163-0,1,3,1.0,0.0,0.0,0.0,0.0,0.0,1.0,0.01,0.00015361287836645216,0.8606051079979185,0.009325877763330936,0.09657058435844186,0.06312499940395355,0.3581643699523532,0.13939489200208155,10.439481735229492,,,,,
27,val,12163-0,1,3,1.0,0.0,0.0,0.0,0.0,0.0,1.0,0.01,0.0020163091614779543,0.5549994063990216,0.1191120371222496,0.34512611770517976,0.3329954743385315,-6.0018863722123745,0.4450005936009785,,0.25365552300354466,63.42576706898399,,,
28,train,12163-0,1,3,1.0,0.0,0.0,0.0,0.0,0.0,1.0,0.01,0.0001487668449707079,0.8616576749555096,0.009271145798265934,0.09628678932369661,0.06322444975376129,0.36193115661601316,0.1383423250444904,10.135354280471802,,,,,
28,val,12163-0,1,3,1.0,0.0,0.0,0.0,0.0,0.0,1.0,0.01,0.001966377508036698,0.5597188202602043,0.11616897583007812,0.34083570210598263,0.32878541946411133,-5.82904838973582,0.44028117973979575,,0.24888031498994678,64.20645353704458,,,
29,train,12163-0,1,3,1.0,0.0,0.0,0.0,0.0,0.0,1.0,0.01,0.00014592072614329064,0.8624402324841981,0.009138165973126888,0.09559375488559328,0.06288153678178787,0.37108329516819083,0.1375597675158019,10.483469009399414,,,,,
29,val,12163-0,1,3,1.0,0.0,0.0,0.0,0.0,0.0,1.0,0.01,0.001976345536075061,0.5582495094229245,0.11676307767629623,0.3417061276540066,0.3298204839229584,-5.864258543085743,0.4417504905770755,,0.2726253229775466,65.23848994402215,,,
30,train,12163-0,1,3,1.0,0.0,0.0,0.0,0.0,0.0,1.0,0.01,0.00014637951036199561,0.8615602194679044,0.009125357493758202,0.09552673706223928,0.06284276396036148,0.37196499950521067,0.1384397805320956,10.071564435958862,,,,,
30,val,12163-0,1,3,1.0,0.0,0.0,0.0,0.0,0.0,1.0,0.01,0.0018929769972708657,0.5690175262663492,0.11183581501245499,0.3344186224067897,0.3224131464958191,-5.574457780355659,0.43098247373365084,,0.25780451501486823,63.459848597005475,,,
31,train,12163-0,1,3,1.0,0.0,0.0,0.0,0.0,0.0,1.0,0.01,0.00015003769510475536,0.8625228259277328,0.009122499264776707,0.09551177552939065,0.0628129318356514,0.3721614335002664,0.13747717407226723,10.023083686828613,,,,,
31,val,12163-0,1,3,1.0,0.0,0.0,0.0,0.0,0.0,1.0,0.01,0.0018774592297992627,0.5708979379362435,0.11092845350503922,0.3330592342287468,0.3211956024169922,-5.521275241469728,0.4291020620637564,,0.2673858730122447,64.5536220530048,,,
32,train,12163-0,1,3,1.0,0.0,0.0,0.0,0.0,0.0,1.0,0.01,0.00014969478610845504,0.8615822905960581,0.009192806668579578,0.09587912530149395,0.06214253604412079,0.367322548603107,0.13841770940394194,10.432003498077393,,,,,
32,val,12163-0,1,3,1.0,0.0,0.0,0.0,0.0,0.0,1.0,0.01,0.0018014838046665432,0.5815729139173004,0.10644279420375824,0.3262557190360933,0.3142586350440979,-5.257308913110289,0.41842708608269963,,0.24944225302897394,64.05343095597345,,,
33,train,12163-0,1,3,1.0,0.0,0.0,0.0,0.0,0.0,1.0,0.01,0.00014511390748204534,0.862018366048221,0.009121885523200035,0.09550856256482994,0.06287617981433868,0.37220370869019254,0.13798163395177904,10.34426498413086,,,,,
33,val,12163-0,1,3,1.0,0.0,0.0,0.0,0.0,0.0,1.0,0.01,0.0017574749226811565,0.5867190357759582,0.10384488850831985,0.32224973003606977,0.3102518916130066,-5.104736042588108,0.4132809642240418,,0.25291196000762284,63.81289616698632,,,
34,train,12163-0,1,3,1.0,0.0,0.0,0.0,0.0,0.0,1.0,0.01,0.0001512473807767453,0.862335165273692,0.00905323214828968,0.09514847422996167,0.06231362372636795,0.3769286275514877,0.13766483472630797,10.151417970657349,,,,,
34,val,12163-0,1,3,1.0,0.0,0.0,0.0,0.0,0.0,1.0,0.01,0.0017024841992663935,0.594692170928345,0.1005987897515297,0.31717312268149345,0.30508244037628174,-4.913588685931906,0.40530782907165497,,0.2636130509781651,63.788465232995804,,,
35,train,12163-0,1,3,1.0,0.0,0.0,0.0,0.0,0.0,1.0,0.01,0.00014462401806211925,0.8631099957940739,0.008905954658985138,0.09437136567298969,0.06225525587797165,0.387064832494862,0.13689000420592615,10.051232814788818,,,,,
35,val,12163-0,1,3,1.0,0.0,0.0,0.0,0.0,0.0,1.0,0.01,0.0016527868461508287,0.6020798365857538,0.09766700863838196,0.31251721334733223,0.3003464937210083,-4.741061404408585,0.3979201634142462,,0.25948627601610497,65.83730463002576,,,
36,train,12163-0,1,3,1.0,0.0,0.0,0.0,0.0,0.0,1.0,0.01,0.00014480331711315438,0.8627581942245104,0.0089360810816288,0.0945308472490795,0.06195667386054993,0.3849914279478608,0.13724180577548967,10.099706411361694,,,,,
36,val,12163-0,1,3,1.0,0.0,0.0,0.0,0.0,0.0,1.0,0.01,0.0016419415043879158,0.6028341430520594,0.09703023731708527,0.3114967693525653,0.29943138360977173,-4.703910215054936,0.3971658569479406,,0.25257883401354775,63.79258271103026,,,
37,train,12163-0,1,3,1.0,0.0,0.0,0.0,0.0,0.0,1.0,0.01,0.00014254548476939577,0.8624418375140667,0.008953437209129333,0.09462260411302013,0.06203342229127884,0.38379692922207753,0.13755816248593336,9.912729740142822,,,,,
37,val,12163-0,1,3,1.0,0.0,0.0,0.0,0.0,0.0,1.0,0.01,0.0015857130100455465,0.6079670493675029,0.093710757791996,0.30612212888322204,0.29402875900268555,-4.508857616578631,0.3920329506324971,,0.24765069602290168,64.8572815709631,,,
38,train,12163-0,1,3,1.0,0.0,0.0,0.0,0.0,0.0,1.0,0.01,0.00015023841880444609,0.8628407787571586,0.008955988101661205,0.09463608245094049,0.0618571974337101,0.383621314284631,0.13715922124284144,10.197040319442749,,,,,
38,val,12163-0,1,3,1.0,0.0,0.0,0.0,0.0,0.0,1.0,0.01,0.0015630034517638291,0.6107147200196847,0.09237157553434372,0.3039269246617412,0.29185181856155396,-4.430180053786385,0.38928527998031526,,0.2742414469830692,65.62069270800566,,,
39,train,12163-0,1,3,1.0,0.0,0.0,0.0,0.0,0.0,1.0,0.01,0.0001425156312707903,0.8625703939633447,0.008961580693721771,0.0946656257240281,0.06181816756725311,0.38323612941348983,0.13742960603665533,10.291614294052124,,,,,
39,val,12163-0,1,3,1.0,0.0,0.0,0.0,0.0,0.0,1.0,0.01,0.0015561204356483267,0.6100753529176621,0.09196890890598297,0.3032637612804784,0.2913200855255127,-4.4067604498206645,0.38992464708233787,,0.2708261120133102,64.58267166902078,,,
40,train,12163-0,1,3,1.0,0.0,0.0,0.0,0.0,0.0,1.0,0.01,0.0001466730812549266,0.8633848167779458,0.008877777494490147,0.09422195866405106,0.06242872774600983,0.3890039115313928,0.1366151832220542,10.389724493026733,,,,,
40,val,12163-0,1,3,1.0,0.0,0.0,0.0,0.0,0.0,1.0,0.01,0.0015059479429752013,0.6165329510655524,0.08900389820337296,0.2983352111356837,0.2862702012062073,-4.232636222803634,0.38346704893444755,,0.2481126639759168,63.329038206953555,,,
41,train,12163-0,1,3,1.0,0.0,0.0,0.0,0.0,0.0,1.0,0.01,0.00014585032331656587,0.861845290548884,0.008901330642402172,0.09434686344761108,0.062113143503665924,0.3873828570259624,0.13815470945111596,9.722196102142334,,,,,
41,val,12163-0,1,3,1.0,0.0,0.0,0.0,0.0,0.0,1.0,0.01,0.0015170963064527713,0.6139931730999368,0.08967301994562149,0.2994545373602168,0.2875673770904541,-4.272114114378886,0.3860068269000632,,0.2748230689903721,64.61625699797878,,,
42,train,12163-0,1,3,1.0,0.0,0.0,0.0,0.0,0.0,1.0,0.01,0.00014044747173576382,0.8633532826470868,0.008836046792566776,0.09400024889630228,0.06169091910123825,0.3918760254892717,0.13664671735291326,9.90774655342102,,,,,
42,val,12163-0,1,3,1.0,0.0,0.0,0.0,0.0,0.0,1.0,0.01,0.001494307495370696,0.6185803207822094,0.08833210170269012,0.29720716966905447,0.2852576673030853,-4.193109648829321,0.3814196792177906,,0.2697678909753449,63.487604777968954,,,
43,train,12163-0,1,3,1.0,0.0,0.0,0.0,0.0,0.0,1.0,0.01,0.00014271034176489313,0.8638696406714489,0.008738091215491295,0.09347775786512691,0.0616631805896759,0.39861765529542004,0.13613035932855108,10.212504148483276,,,,,
43,val,12163-0,1,3,1.0,0.0,0.0,0.0,0.0,0.0,1.0,0.01,0.0015033397367734949,0.6154959537376674,0.08887050300836563,0.2981115613463618,0.2863290309906006,-4.225036180697827,0.38450404626233253,,0.27936155401403084,64.61154869396705,,,
44,train,12163-0,1,3,1.0,0.0,0.0,0.0,0.0,0.0,1.0,0.01,0.00014261603710680632,0.8632406071346761,0.00887079443782568,0.0941848949557501,0.061814241111278534,0.3894841913877825,0.1367593928653239,10.11950159072876,,,,,
44,val,12163-0,1,3,1.0,0.0,0.0,0.0,0.0,0.0,1.0,0.01,0.0014514103531837463,0.6229789505786768,0.08580464124679565,0.29292429268805215,0.2809993028640747,-4.044646003122632,0.3770210494213232,,0.27057404804509133,64.11780080199242,,,
45,train,12163-0,1,3,1.0,0.0,0.0,0.0,0.0,0.0,1.0,0.01,0.0001415660288472483,0.8638420446968305,0.00872285570949316,0.09339622963210646,0.062036655843257904,0.39966615239604547,0.1361579553031695,10.342200517654419,,,,,
45,val,12163-0,1,3,1.0,0.0,0.0,0.0,0.0,0.0,1.0,0.01,0.0014244064940178948,0.6284988768414892,0.08421176671981812,0.2901926372598349,0.2781546115875244,-3.9507727147631115,0.37150112315851086,,0.28449446201557294,64.07555103499908,,,
46,train,12163-0,1,3,1.0,0.0,0.0,0.0,0.0,0.0,1.0,0.01,0.000141621639209374,0.8639368653565571,0.008665717206895351,0.09308983406847039,0.06129326671361923,0.4035983606224115,0.13606313464344283,10.003562450408936,,,,,
46,val,12163-0,1,3,1.0,0.0,0.0,0.0,0.0,0.0,1.0,0.01,0.0014441539592380764,0.6243344081923945,0.08538547903299332,0.2922079380047594,0.2803686261177063,-4.020093092005517,0.3756655918076055,,0.24814417102606967,65.18182745500235,,,
47,train,12163-0,1,3,1.0,0.0,0.0,0.0,0.0,0.0,1.0,0.01,0.0001414455925973029,0.8638531470133726,0.008666449226439,0.09309376577644177,0.061983950436115265,0.4035479601413147,0.13614685298662746,9.729411125183105,,,,,
47,val,12163-0,1,3,1.0,0.0,0.0,0.0,0.0,0.0,1.0,0.01,0.0014002513659151295,0.6300495774535422,0.08279653638601303,0.28774387289048053,0.2758236825466156,-3.867921542681219,0.36995042254645777,,0.25973457598593086,63.8412905469886,,,
48,train,12163-0,1,3,1.0,0.0,0.0,0.0,0.0,0.0,1.0,0.01,0.00014075286962179895,0.8642479889860153,0.008644308894872665,0.09297477558387901,0.06199938803911209,0.40507214674932834,0.13575201101398476,9.966608047485352,,,,,
48,val,12163-0,1,3,1.0,0.0,0.0,0.0,0.0,0.0,1.0,0.01,0.0013347848118106021,0.6396607971608714,0.07892746478319168,0.28094032245868816,0.2687787115573883,-3.6401718193974215,0.3603392028391286,,0.2613593799760565,64.07051910599694,,,
49,train,12163-0,1,3,1.0,0.0,0.0,0.0,0.0,0.0,1.0,0.01,0.00014164450948044564,0.8636290333089103,0.008780417963862419,0.09370388446517262,0.06096980348229408,0.3957041957458459,0.13637096669108972,9.998416185379028,,,,,
49,val,12163-0,1,3,1.0,0.0,0.0,0.0,0.0,0.0,1.0,0.01,0.0013377629063300442,0.6398327225123761,0.07911046594381332,0.28126582789918386,0.2691632807254791,-3.6508486698598204,0.36016727748762384,,0.25670141802402213,64.11817392898956,,,
50,train,12163-0,1,3,1.0,0.0,0.0,0.0,0.0,0.0,1.0,0.01,0.0001426626920537663,0.8643984880564319,0.008603057824075222,0.0927526701722124,0.06169512867927551,0.40791104593122757,0.135601511943568,10.395399332046509,,,,,
50,val,12163-0,1,3,1.0,0.0,0.0,0.0,0.0,0.0,1.0,0.01,0.0013013886688630792,0.6449406266116481,0.076960489153862,0.2774175357720957,0.2651951014995575,-3.5245636928232176,0.3550593733883519,,0.27084360201843083,64.43329154502135,,,
51,train,12163-0,1,3,1.0,0.0,0.0,0.0,0.0,0.0,1.0,0.01,0.00013748268689029765,0.8645002063705314,0.008611947298049927,0.09280057811269242,0.060690365731716156,0.4072991074374518,0.13549979362946868,10.29134464263916,,,,,
51,val,12163-0,1,3,1.0,0.0,0.0,0.0,0.0,0.0,1.0,0.01,0.0014261782860957117,0.6254747608692028,0.08434951305389404,0.2904298763107784,0.2788536846637726,-3.9593911013661076,0.3745252391307971,,0.25858913001138717,63.522408635006286,,,
52,train,12163-0,1,3,1.0,0.0,0.0,0.0,0.0,0.0,1.0,0.01,0.00014308004256855563,0.8640557024293849,0.008678920567035675,0.09316072438015752,0.061032701283693314,0.4026898169229597,0.13594429757061513,10.148597478866577,,,,,
52,val,12163-0,1,3,1.0,0.0,0.0,0.0,0.0,0.0,1.0,0.01,0.0013881129868925876,0.6299332533022787,0.08209966868162155,0.286530397482748,0.2748747766017914,-3.827154821680492,0.3700667466977213,,0.2789993960177526,64.5773451619898,,,
53,train,12163-0,1,3,1.0,0.0,0.0,0.0,0.0,0.0,1.0,0.01,0.00013905600708089666,0.8629216152455402,0.008717193268239498,0.09336591063251885,0.06100005283951759,0.40005576143446386,0.13707838475445977,10.067733526229858,,,,,
53,val,12163-0,1,3,1.0,0.0,0.0,0.0,0.0,0.0,1.0,0.01,0.0013007290252653354,0.6422869197717229,0.07693412899971008,0.27737002181149656,0.2653709053993225,-3.523402039795002,0.35771308022827714,,0.2496951089706272,65.01823056500871,,,
54,train,12163-0,1,3,1.0,0.0,0.0,0.0,0.0,0.0,1.0,0.01,0.00013801814746331563,0.8642116463082457,0.008644199930131435,0.09297418959115178,0.061759594827890396,0.40507933201386637,0.13578835369175432,10.36393928527832,,,,,
54,val,12163-0,1,3,1.0,0.0,0.0,0.0,0.0,0.0,1.0,0.01,0.0012795505770148105,0.6456992404997222,0.07568145543336868,0.27510262709281547,0.26299408078193665,-3.449895816913214,0.3543007595002779,,0.27542074100347236,63.846170635020826,,,
55,train,12163-0,1,3,1.0,0.0,0.0,0.0,0.0,0.0,1.0,0.01,0.00013733793770747223,0.8642963980210943,0.008579591289162636,0.09262608320102192,0.06063316762447357,0.4095261664451614,0.1357036019789058,10.020604133605957,,,,,
55,val,12163-0,1,3,1.0,0.0,0.0,0.0,0.0,0.0,1.0,0.01,0.0012122760153520963,0.6535793901758411,0.07170744240283966,0.2677824535006722,0.2554750442504883,-3.2163505477817482,0.34642060982415895,,0.2598268080037087,63.798310491023585,,,
56,train,12163-0,1,3,1.0,0.0,0.0,0.0,0.0,0.0,1.0,0.01,0.00014454482053892923,0.8644849249906252,0.008515311405062675,0.09227844496448061,0.061587847769260406,0.4139500011713163,0.1355150750093747,10.165505170822144,,,,,
56,val,12163-0,1,3,1.0,0.0,0.0,0.0,0.0,0.0,1.0,0.01,0.0012643834898240455,0.6459881558488136,0.07479339838027954,0.27348381740110245,0.26147595047950745,-3.3979985175429106,0.3540118441511864,,0.26608887303154916,63.66383032500744,,,
57,train,12163-0,1,3,1.0,0.0,0.0,0.0,0.0,0.0,1.0,0.01,0.00013905255924182843,0.8644429791167718,0.008499699644744396,0.09219381565346124,0.060460954904556274,0.4150243295136714,0.13555702088322813,10.113291263580322,,,,,
57,val,12163-0,1,3,1.0,0.0,0.0,0.0,0.0,0.0,1.0,0.01,0.0012996587509344398,0.6407362809722399,0.07688387483358383,0.2772794165342675,0.265445351600647,-3.520966827558053,0.3592637190277601,,0.2623742240248248,64.70905040501384,,,
58,train,12163-0,1,3,1.0,0.0,0.0,0.0,0.0,0.0,1.0,0.01,0.00014583100281405405,0.8650187505296909,0.008494908921420574,0.09216783018722191,0.06095941364765167,0.41535419223040315,0.1349812494703091,10.288734436035156,,,,,
58,val,12163-0,1,3,1.0,0.0,0.0,0.0,0.0,0.0,1.0,0.01,0.001250138042596825,0.6482276707709704,0.0739617720246315,0.2719591366816557,0.2599446475505829,-3.3491262237569606,0.3517723292290296,,0.26880175300175324,63.336470629961696,,,
59,train,12163-0,1,3,1.0,0.0,0.0,0.0,0.0,0.0,1.0,0.01,0.00013785181671962968,0.863281096015303,0.008629191666841507,0.0928934425395114,0.0599721297621727,0.40611216874253997,0.13671890398469697,10.017192840576172,,,,,
59,val,12163-0,1,3,1.0,0.0,0.0,0.0,0.0,0.0,1.0,0.01,0.0012475850555715682,0.6461913963068799,0.07381333410739899,0.2716860947994928,0.259738951921463,-3.3407264444007483,0.35380860369312,,0.2722533459891565,65.55438727297587,,,
60,train,12163-0,1,3,1.0,0.0,0.0,0.0,0.0,0.0,1.0,0.01,0.00013775062061284588,0.8647368187944199,0.008505402132868767,0.09222473709839875,0.06097184494137764,0.4146321457189386,0.13526318120558012,10.201767683029175,,,,,
60,val,12163-0,1,3,1.0,0.0,0.0,0.0,0.0,0.0,1.0,0.01,0.0011695865777474415,0.6578567680811422,0.06920035928487778,0.2630596116565175,0.2507838308811188,-3.069252940897975,0.34214323191885776,,0.2587203829898499,64.31204173900187,,,
61,train,12163-0,1,3,1.0,0.0,0.0,0.0,0.0,0.0,1.0,0.01,0.00013690576216139977,0.8648184253639474,0.00852451752871275,0.09232831379762521,0.06026346981525421,0.4133162728059502,0.1351815746360526,10.564832210540771,,,,,
61,val,12163-0,1,3,1.0,0.0,0.0,0.0,0.0,0.0,1.0,0.01,0.0011225605721463634,0.6631350272017598,0.06642128527164459,0.257723272662064,0.24532635509967804,-2.905865265685842,0.3368649727982402,,0.25340828101616353,63.45171134796692,,,
62,train,12163-0,1,3,1.0,0.0,0.0,0.0,0.0,0.0,1.0,0.01,0.00013805631942350035,0.8649993748742479,0.008442055433988571,0.09188065865016734,0.06115914508700371,0.4189915535186678,0.135000625125752,10.508564472198486,,,,,
62,val,12163-0,1,3,1.0,0.0,0.0,0.0,0.0,0.0,1.0,0.01,0.0011233202012782357,0.6628850699784122,0.0664731115102768,0.2578237993480757,0.24551960825920105,-2.9090299298468816,0.33711493002158777,,0.25410925096366554,65.02611241402337,,,
63,train,12163-0,1,3,1.0,0.0,0.0,0.0,0.0,0.0,1.0,0.01,0.00013758136648058783,0.8647380108318358,0.008463705889880657,0.09199840156155245,0.06013968214392662,0.41750180135841436,0.13526198916816423,10.191981554031372,,,,,
63,val,12163-0,1,3,1.0,0.0,0.0,0.0,0.0,0.0,1.0,0.01,0.0010960127230937975,0.6670224850844502,0.06485938280820847,0.2546750533684217,0.24224640429019928,-2.814144871053439,0.33297751491554983,,0.27018489997135475,65.85407839302206,,,
64,train,12163-0,1,3,1.0,0.0,0.0,0.0,0.0,0.0,1.0,0.01,0.00013506274118843563,0.8649111258442045,0.008454219438135624,0.09194682940773773,0.06056797876954079,0.41815422034752137,0.13508887415579549,10.067735433578491,,,,,
64,val,12163-0,1,3,1.0,0.0,0.0,0.0,0.0,0.0,1.0,0.01,0.0011036326236362698,0.6653932220858715,0.06531180441379547,0.2555617428603027,0.24317745864391327,-2.840838890811985,0.3346067779141285,,0.26237537001725286,64.4601024290314,,,
65,train,12163-0,1,3,1.0,0.0,0.0,0.0,0.0,0.0,1.0,0.01,0.00013973908524259884,0.8649361592350576,0.008440074510872364,0.0918698781476952,0.06089092791080475,0.4191279310130134,0.1350638407649424,9.878014326095581,,,,,
65,val,12163-0,1,3,1.0,0.0,0.0,0.0,0.0,0.0,1.0,0.01,0.0010810638090226218,0.6674773247786272,0.06397707015275955,0.2529368896637253,0.24051202833652496,-2.762345556500123,0.3325226752213728,,0.2585012960480526,64.37433934299042,,,
66,train,12163-0,1,3,1.0,0.0,0.0,0.0,0.0,0.0,1.0,0.01,0.00013595081774431613,0.8648769348263737,0.008449194952845573,0.09191950257070353,0.06032174080610275,0.4185000340269446,0.13512306517362624,10.327742099761963,,,,,
66,val,12163-0,1,3,1.0,0.0,0.0,0.0,0.0,0.0,1.0,0.01,0.0010368186461774608,0.6724743117958536,0.061361540108919144,0.24771261596640398,0.2350686639547348,-2.6086782006669136,0.32752568820414635,,0.2518039519782178,64.4589706530096,,,
67,train,12163-0,1,3,1.0,0.0,0.0,0.0,0.0,0.0,1.0,0.01,0.00013406505067236417,0.8655001416866237,0.008365399204194546,0.09146255629597581,0.060265105217695236,0.4242672228804928,0.13449985831337635,9.996764421463013,,,,,
67,val,12163-0,1,3,1.0,0.0,0.0,0.0,0.0,0.0,1.0,0.01,0.0011177031551232318,0.6607753560915486,0.06615179032087326,0.2571999034231414,0.24503949284553528,-2.89064403483541,0.3392246439084515,,0.26150118198711425,65.0951477829949,,,
68,train,12163-0,1,3,1.0,0.0,0.0,0.0,0.0,0.0,1.0,0.01,0.00013600244101383922,0.8657054401729924,0.008365215733647346,0.09146155330873922,0.05991898477077484,0.4242796824974569,0.13429455982700758,10.442052841186523,,,,,
68,val,12163-0,1,3,1.0,0.0,0.0,0.0,0.0,0.0,1.0,0.01,0.0010739231977281692,0.6686345737901048,0.06356809288263321,0.25212713634718736,0.23976518213748932,-2.738615203941197,0.3313654262098952,,0.2814856260083616,65.09665048704483,,,
69,train,12163-0,1,3,1.0,0.0,0.0,0.0,0.0,0.0,1.0,0.01,0.00013711182637432832,0.8651780756900025,0.008436976000666618,0.09185301301898931,0.06023542210459709,0.4193412494219909,0.1348219243099975,9.926531791687012,,,,,
69,val,12163-0,1,3,1.0,0.0,0.0,0.0,0.0,0.0,1.0,0.01,0.0010394738507673207,0.6725348018939196,0.06153028458356857,0.2480529874514084,0.23554205894470215,-2.6188875064286394,0.32746519810608044,,0.2658742509665899,64.08718232798856,,,
70,train,12163-0,1,3,1.0,0.0,0.0,0.0,0.0,0.0,1.0,0.01,0.00013957845789805854,0.8652057888622291,0.008443939499557018,0.09189091086476953,0.06017398089170456,0.4188616561072077,0.1347942111377709,10.07110857963562,,,,,
70,val,12163-0,1,3,1.0,0.0,0.0,0.0,0.0,0.0,1.0,0.01,0.0010189217228426712,0.6758301546449148,0.06031620129942894,0.24559356933647294,0.23300302028656006,-2.5473703992051897,0.32416984535508525,,0.26324455096619204,64.7735201420146,,,
71,train,12163-0,1,3,1.0,0.0,0.0,0.0,0.0,0.0,1.0,0.01,0.00013652241211063097,0.8654546155218807,0.008352991193532944,0.09139470002977713,0.06038273870944977,0.42512123145391734,0.13454538447811926,10.026653051376343,,,,,
71,val,12163-0,1,3,1.0,0.0,0.0,0.0,0.0,0.0,1.0,0.01,0.0009980326211905177,0.6769267376300091,0.0590834841132164,0.2430709446092157,0.23045143485069275,-2.475075168501373,0.3230732623699909,,0.26701939903432503,65.52470826997887,,,
72,train,12163-0,1,3,1.0,0.0,0.0,0.0,0.0,0.0,1.0,0.01,0.00013444398518831053,0.8655766957931226,0.008324244990944862,0.09123730043652575,0.06013806536793709,0.4270996452708048,0.13442330420687743,10.354197025299072,,,,,
72,val,12163-0,1,3,1.0,0.0,0.0,0.0,0.0,0.0,1.0,0.01,0.0009789376319209232,0.6805604417703588,0.05795270949602127,0.24073368998962583,0.22792945802211761,-2.40850000915323,0.3194395582296412,,0.2593934760079719,63.370192055997904,,,
73,train,12163-0,1,3,1.0,0.0,0.0,0.0,0.0,0.0,1.0,0.01,0.00013729658774645843,0.8654498128623639,0.008362161926925182,0.09144485730168309,0.059919700026512146,0.4244901576070801,0.13455018713763608,10.164401292800903,,,,,
73,val,12163-0,1,3,1.0,0.0,0.0,0.0,0.0,0.0,1.0,0.01,0.0009413624834662248,0.686790291215883,0.05573079362511635,0.23607370379844586,0.22304044663906097,-2.277769665850003,0.31320970878411697,,0.2749351420206949,64.6659694959526,,,
74,train,12163-0,1,3,1.0,0.0,0.0,0.0,0.0,0.0,1.0,0.01,0.00013608817090631398,0.8656197885737369,0.008317054249346256,0.09119788511443813,0.06118357181549072,0.42759447580110865,0.13438021142626305,10.07694149017334,,,,,
74,val,12163-0,1,3,1.0,0.0,0.0,0.0,0.0,0.0,1.0,0.01,0.0009465765066539184,0.6851592757165206,0.05604175105690956,0.2367313900962641,0.22382506728172302,-2.2961227561537734,0.3148407242834795,,0.2669246980221942,65.04759669298073,,,
75,train,12163-0,1,3,1.0,0.0,0.0,0.0,0.0,0.0,1.0,0.01,0.00013441946924233524,0.8655610329213491,0.008307691663503647,0.0911465395037225,0.06101024150848389,0.4282387711600294,0.13443896707865088,9.951397895812988,,,,,
75,val,12163-0,1,3,1.0,0.0,0.0,0.0,0.0,0.0,1.0,0.01,0.0009365003194487044,0.6867609305508754,0.05544523149728775,0.2354681114233682,0.22253352403640747,-2.260992862138903,0.3132390694491246,,0.24163891503121704,63.64380918000825,,,
76,train,12163-0,1,3,1.0,0.0,0.0,0.0,0.0,0.0,1.0,0.01,0.00013740972017735703,0.865410309555369,0.008323987014591694,0.09123588665975518,0.05953148752450943,0.42711765260664236,0.134589690444631,9.985212802886963,,,,,
76,val,12163-0,1,3,1.0,0.0,0.0,0.0,0.0,0.0,1.0,0.01,0.00088531241009507,0.6947508368615285,0.05241583287715912,0.22894504335573443,0.2155882865190506,-2.0828488886765766,0.30524916313847156,,0.26253471995005384,63.9537818999961,,,
77,train,12163-0,1,3,1.0,0.0,0.0,0.0,0.0,0.0,1.0,0.01,0.0001440219848427742,0.8657346268370325,0.008324192836880684,0.09123701462060606,0.05962468683719635,0.42710300125127276,0.13426537316296752,9.859533786773682,,,,,
77,val,12163-0,1,3,1.0,0.0,0.0,0.0,0.0,0.0,1.0,0.01,0.000908648964599215,0.6894530413918549,0.05379807576537132,0.23194412207549325,0.21883870661258698,-2.1643154870808528,0.31054695860814513,,0.2551478290115483,64.50603350601159,,,
78,train,12163-0,1,3,1.0,0.0,0.0,0.0,0.0,0.0,1.0,0.01,0.00013606933552051112,0.8659189424400177,0.008281698450446129,0.09100383755889709,0.05980079621076584,0.43002800984977774,0.13408105755998237,10.196572303771973,,,,,
78,val,12163-0,1,3,1.0,0.0,0.0,0.0,0.0,0.0,1.0,0.01,0.0009102532286432725,0.687675652196211,0.05389600619673729,0.23215513390131456,0.21913206577301025,-2.1701589135385557,0.31232434780378904,,0.25649678095942363,64.27336175501114,,,
79,train,12163-0,1,3,1.0,0.0,0.0,0.0,0.0,0.0,1.0,0.01,0.00013740913101643675,0.8657703239699761,0.008289249613881111,0.09104531626547908,0.06131724268198013,0.4295082097094388,0.13422967603002386,10.309303522109985,,,,,
79,val,12163-0,1,3,1.0,0.0,0.0,0.0,0.0,0.0,1.0,0.01,0.0009352478202636734,0.6817842103747538,0.05537913739681244,0.23532772339189542,0.2225531041622162,-2.257688079550529,0.3182157896252462,,0.26336502900812775,64.1178826999967,,,
80,train,12163-0,1,3,1.0,0.0,0.0,0.0,0.0,0.0,1.0,0.01,0.00013585449945009047,0.8660126548310371,0.008330180309712887,0.09126982146204125,0.06079341843724251,0.42669106033688514,0.13398734516896293,10.222995042800903,,,,,
80,val,12163-0,1,3,1.0,0.0,0.0,0.0,0.0,0.0,1.0,0.01,0.0008735561955578719,0.6927727430783359,0.05172707512974739,0.2274358703673354,0.21416597068309784,-2.0428482003413,0.3072272569216641,,0.26748498796951026,64.20564005797496,,,
81,train,12163-0,1,3,1.0,0.0,0.0,0.0,0.0,0.0,1.0,0.01,0.00014002157669585472,0.8655281392460129,0.008296613581478596,0.09108574850918554,0.06084961071610451,0.42900125073466117,0.1344718607539871,9.99767255783081,,,,,
81,val,12163-0,1,3,1.0,0.0,0.0,0.0,0.0,0.0,1.0,0.01,0.0008482759040367755,0.698063568906016,0.05023544654250145,0.22413265389608328,0.21066778898239136,-1.9550319377123975,0.301936431093984,,0.26447017496684566,63.78417309198994,,,
82,train,12163-0,1,3,1.0,0.0,0.0,0.0,0.0,0.0,1.0,0.01,0.00013242022884666217,0.8659393847515577,0.008221440017223358,0.0906721567915055,0.06003774702548981,0.4341749907430263,0.13406061524844226,10.036391496658325,,,,,
82,val,12163-0,1,3,1.0,0.0,0.0,0.0,0.0,0.0,1.0,0.01,0.0008947809034259008,0.6889412195933251,0.05298873782157898,0.23019282747639852,0.21715454757213593,-2.117084467322213,0.31105878040667484,,0.26187933399342,64.19375506701181,,,
83,train,12163-0,1,3,1.0,0.0,0.0,0.0,0.0,0.0,1.0,0.01,0.00013164826499621345,0.8655494897671345,0.008299333974719048,0.09110068042950638,0.060066722333431244,0.4288140967718166,0.13445051023286553,10.020593404769897,,,,,
83,val,12163-0,1,3,1.0,0.0,0.0,0.0,0.0,0.0,1.0,0.01,0.0008707768146247301,0.694445781890106,0.05157129466533661,0.227093140947358,0.21381136775016785,-2.0336763050904936,0.3055542181098941,,0.2603656880091876,63.590355279971845,,,
84,train,12163-0,1,3,1.0,0.0,0.0,0.0,0.0,0.0,1.0,0.01,0.000135816949640454,0.8662378972455345,0.008218595758080482,0.09065647113185292,0.06013795733451843,0.43437066607411196,0.13376210275446554,9.887338876724243,,,,,
84,val,12163-0,1,3,1.0,0.0,0.0,0.0,0.0,0.0,1.0,0.01,0.0008770367327118725,0.691428970507751,0.05194244906306267,0.2279088613087755,0.21478703618049622,-2.0555390777844504,0.30857102949224896,,0.2626402479945682,64.6851382169989,,,
85,train,12163-0,1,3,1.0,0.0,0.0,0.0,0.0,0.0,1.0,0.01,0.00013562401995184637,0.8661348881243366,0.00822095200419426,0.09066946566620021,0.05970419570803642,0.4342085636237987,0.13386511187566338,10.102975845336914,,,,,
85,val,12163-0,1,3,1.0,0.0,0.0,0.0,0.0,0.0,1.0,0.01,0.0008501949000962173,0.69548793120442,0.05035320296883583,0.22439519372935737,0.21107327938079834,-1.9621103278787828,0.30451206879557996,,0.2643054869840853,64.0769729729509,,,
86,train,12163-0,1,3,1.0,0.0,0.0,0.0,0.0,0.0,1.0,0.01,0.00013499656441764437,0.8662738956620434,0.008234615437686443,0.09074478187579958,0.06045251712203026,0.4332680850370931,0.1337261043379566,10.346580982208252,,,,,
86,val,12163-0,1,3,1.0,0.0,0.0,0.0,0.0,0.0,1.0,0.01,0.0008270470307597631,0.6969378050666488,0.04898402839899063,0.22132335710220608,0.20787857472896576,-1.8817481710999442,0.30306219493335124,,0.26388782198773697,64.40609232702991,,,
87,train,12163-0,1,3,1.0,0.0,0.0,0.0,0.0,0.0,1.0,0.01,0.0001340790738019209,0.8659946146114029,0.008210833184421062,0.09061364789269363,0.060169320553541183,0.43490509876825023,0.1340053853885971,9.914867639541626,,,,,
87,val,12163-0,1,3,1.0,0.0,0.0,0.0,0.0,0.0,1.0,0.01,0.000850748412216766,0.6927096733984428,0.050390828400850296,0.22447901550222973,0.21124385297298431,-1.9647138631973693,0.30729032660155725,,0.24846815399359912,63.24317945196526,,,
88,train,12163-0,1,3,1.0,0.0,0.0,0.0,0.0,0.0,1.0,0.01,0.00013564134627364096,0.8663471409659687,0.008259554393589497,0.09088209060969876,0.059289053082466125,0.4315520029871963,0.13365285903403132,9.689397096633911,,,,,
88,val,12163-0,1,3,1.0,0.0,0.0,0.0,0.0,0.0,1.0,0.01,0.0007824224070154665,0.7045035434318723,0.046343497931957245,0.21527540020159583,0.20146383345127106,-1.7265338350498785,0.29549645656812773,,0.2673758359742351,63.608812991995364,,,
89,train,12163-0,1,3,1.0,0.0,0.0,0.0,0.0,0.0,1.0,0.01,0.00013297557835885874,0.8659147541066634,0.008221433497965336,0.09067212084188467,0.06016897037625313,0.4341755490446146,0.1340852458933366,10.116471529006958,,,,,
89,val,12163-0,1,3,1.0,0.0,0.0,0.0,0.0,0.0,1.0,0.01,0.0008044155306705442,0.6984584085055361,0.04764827340841293,0.21828484466039536,0.20469623804092407,-1.803547525929146,0.30154159149446397,,0.27113796304911375,63.97450355399633,,,
90,train,12163-0,1,3,1.0,0.0,0.0,0.0,0.0,0.0,1.0,0.01,0.00013034636316335438,0.866231112655983,0.008194969967007637,0.09052607340986152,0.05992363393306732,0.4359969015445594,0.1337688873440171,10.183768033981323,,,,,
90,val,12163-0,1,3,1.0,0.0,0.0,0.0,0.0,0.0,1.0,0.01,0.0008488854526970457,0.6902314461996171,0.050283677875995636,0.2242402235906744,0.21108394861221313,-1.9586568841227754,0.3097685538003829,,0.2663662920240313,64.42471848399146,,,
91,train,12163-0,1,3,1.0,0.0,0.0,0.0,0.0,0.0,1.0,0.01,0.00013854132743584471,0.8643061918155842,0.008259505033493042,0.09088181904810798,0.059931933879852295,0.43155524208736423,0.13569380818441582,10.237795114517212,,,,,
91,val,12163-0,1,3,1.0,0.0,0.0,0.0,0.0,0.0,1.0,0.01,0.0008411902918594295,0.6908031684663625,0.04982887953519821,0.2232238328118174,0.2100163996219635,-1.9319523693470302,0.30919683153363753,,0.269681821053382,66.07323464099318,,,
92,train,12163-0,1,3,1.0,0.0,0.0,0.0,0.0,0.0,1.0,0.01,0.00013429139039524028,0.8662360138069983,0.008202478289604187,0.09056753441274741,0.060116156935691833,0.4354803084096736,0.13376398619300167,10.317610025405884,,,,,
92,val,12163-0,1,3,1.0,0.0,0.0,0.0,0.0,0.0,1.0,0.01,0.0007987773902557067,0.6981987407479462,0.04731794446706772,0.21752688217107263,0.203914076089859,-1.7841837070730087,0.30180125925205387,,0.25684791000094265,63.82240931800334,,,
93,train,12163-0,1,3,1.0,0.0,0.0,0.0,0.0,0.0,1.0,0.01,0.00013792681652413077,0.8652755251319666,0.00825982540845871,0.09088358162208789,0.059943199157714844,0.43153328669952673,0.1347244748680334,9.901766777038574,,,,,
93,val,12163-0,1,3,1.0,0.0,0.0,0.0,0.0,0.0,1.0,0.01,0.0008332618838372613,0.692877509879657,0.04936270788311958,0.22217719928723464,0.20890571177005768,-1.9044905902004952,0.307122490120343,,0.26538298901868984,63.970002069021575,,,
94,train,12163-0,1,3,1.0,0.0,0.0,0.0,0.0,0.0,1.0,0.01,0.00014212041743079387,0.8644771576048428,0.008279728703200817,0.0909930145846417,0.06134399026632309,0.4301635654971747,0.13552284239515724,9.868879795074463,,,,,
94,val,12163-0,1,3,1.0,0.0,0.0,0.0,0.0,0.0,1.0,0.01,0.0008164106824981513,0.6959063351287473,0.048365138471126556,0.2199207549803487,0.20650336146354675,-1.8457938840048267,0.30409366487125267,,0.2653259980143048,64.47075110097649,,,
95,train,12163-0,1,3,1.0,0.0,0.0,0.0,0.0,0.0,1.0,0.01,0.00013040072710966382,0.8661260053673385,0.008206697180867195,0.09059082282917622,0.06051870435476303,0.43518975263165804,0.13387399463266153,10.300267219543457,,,,,
95,val,12163-0,1,3,1.0,0.0,0.0,0.0,0.0,0.0,1.0,0.01,0.0007924390681685275,0.6998421291452144,0.046943195164203644,0.21666378369308434,0.20300771296024323,-1.762133787983407,0.3001578708547856,,0.26128662296105176,63.990363172022626,,,
96,train,12163-0,1,3,1.0,0.0,0.0,0.0,0.0,0.0,1.0,0.01,0.00013740463089282462,0.8647522280424274,0.008497128263115883,0.09217986907734184,0.05998832732439041,0.4152011607141253,0.1352477719575727,10.037249326705933,,,,,
96,val,12163-0,1,3,1.0,0.0,0.0,0.0,0.0,0.0,1.0,0.01,0.0007586601477132064,0.7055722829286434,0.0449427105486393,0.21199695881931727,0.19794869422912598,-1.6444814014123388,0.2944277170713566,,0.2717105560004711,63.408690513984766,,,
97,train,12163-0,1,3,1.0,0.0,0.0,0.0,0.0,0.0,1.0,0.01,0.00013250676740796647,0.865774933392293,0.008226413279771805,0.09069957706501064,0.06079520285129547,0.4338327498667861,0.13422506660770708,9.854919910430908,,,,,
97,val,12163-0,1,3,1.0,0.0,0.0,0.0,0.0,0.0,1.0,0.01,0.0007433014988647734,0.7065903195772212,0.04403238743543625,0.20983895595297897,0.19560740888118744,-1.5911165155974407,0.2934096804227789,,0.2443685350008309,63.19206644804217,,,
98,train,12163-0,1,3,1.0,0.0,0.0,0.0,0.0,0.0,1.0,0.01,0.00014055029977177297,0.8623652546964965,0.008355619385838509,0.09140907715231845,0.05969943851232529,0.4249403921299709,0.13763474530350348,10.251941204071045,,,,,
98,val,12163-0,1,3,1.0,0.0,0.0,0.0,0.0,0.0,1.0,0.01,0.0007374617054995605,0.7074820693147366,0.04368661344051361,0.20901342885210417,0.19482147693634033,-1.5706749955217312,0.2925179306852634,,0.24669361900305375,64.07315959304105,,,
99,train,12163-0,1,3,1.0,0.0,0.0,0.0,0.0,0.0,1.0,0.01,0.00013278608107186523,0.8663989848537852,0.008183568716049194,0.09046307929785054,0.0597078800201416,0.43678144242306,0.13360101514621478,10.314499378204346,,,,,
99,val,12163-0,1,3,1.0,0.0,0.0,0.0,0.0,0.0,1.0,0.01,0.0007161351101559425,0.7119089633895537,0.042421236634254456,0.20596416347086804,0.19143691658973694,-1.4962512386354427,0.2880910366104463,,0.25728331395657733,64.56661627697758,,,
100,train,12163-0,1,3,1.0,0.0,0.0,0.0,0.0,0.0,1.0,0.01,0.00014221553752481343,0.8663513316754806,0.00829041562974453,0.09105171953205787,0.05948562175035477,0.429428286926372,0.13364866832451935,10.322890758514404,,,,,
100,val,12163-0,1,3,1.0,0.0,0.0,0.0,0.0,0.0,1.0,0.01,0.0006948950610080348,0.7169526985650861,0.04116564989089966,0.20289319823715052,0.1881181001663208,-1.4222823056629799,0.28304730143491386,,0.2665591689874418,64.24729665595805,,,
