round,split,cid,local_num_layers,global_num_layers,model_rate,hetero_fedavg,inclusive_fl,spa_hfl,spc,pattern_weighted_residual_heads,fedprox,fedprox_mu,loss,forecast_accuracy,mse,rmse,mae,r2,nrmse,round_train_time_seconds,round_evaluate_time_seconds,round_total_time_seconds,align_train_loss,align_train_rmse,latent_mean_norm
1,train,12166-0,3,3,1.0,0.0,0.0,0.0,0.0,1.0,0.0,0.0,2.479524114240872e-05,0.9437805960624625,0.0015770812751725316,0.03971248261154837,0.02299634926021099,0.8858430993180499,0.05621940393753751,58.49355721473694,,,,,
1,val,12166-0,3,3,1.0,0.0,0.0,0.0,0.0,1.0,0.0,0.0,0.00012449202293089395,0.8572949449262648,0.007959040813148022,0.08921345645780138,0.07653449475765228,0.2849487066460028,0.1427050550737352,,0.9993860599934123,64.40180883399444,,,
2,train,12166-0,3,3,1.0,0.0,0.0,0.0,0.0,1.0,0.0,0.0,1.690784617464868e-05,0.9508944373818435,0.0010782277677208185,0.032836378724226255,0.020416419953107834,0.921950763707537,0.0491055626181565,57.82507634162903,,,,,
2,val,12166-0,3,3,1.0,0.0,0.0,0.0,0.0,1.0,0.0,0.0,3.870379014111691e-05,0.9126550297641551,0.0024760360829532146,0.049759783791262745,0.03150474280118942,0.7775509876744691,0.08734497023584481,,1.0414656339562498,63.71312923100777,,,
3,train,12166-0,3,3,1.0,0.0,0.0,0.0,0.0,1.0,0.0,0.0,8.056941126457243e-06,0.960958444876871,0.0005133376689627767,0.022656956304031146,0.014570610597729683,0.9628398705041693,0.039041555123128985,58.13606286048889,,,,,
3,val,12166-0,3,3,1.0,0.0,0.0,0.0,0.0,1.0,0.0,0.0,3.593905950331931e-05,0.9133278217242622,0.002299303887411952,0.047951057208490744,0.027147550135850906,0.793428737952351,0.08667217827573775,,1.0235629770322703,64.01354181900388,,,
4,train,12166-0,3,3,1.0,0.0,0.0,0.0,0.0,1.0,0.0,0.0,5.172683776603365e-06,0.9641945636434767,0.0003302633122075349,0.018173148109437036,0.012029135599732399,0.9760914883609917,0.035805436356523376,58.369224071502686,,,,,
4,val,12166-0,3,3,1.0,0.0,0.0,0.0,0.0,1.0,0.0,0.0,3.8022947083115406e-05,0.9143916140224035,0.0024325500708073378,0.04932088878768648,0.030073724687099457,0.7814581193598169,0.08560838597759644,,1.0627377300406806,64.37299453298328,,,
5,train,12166-0,3,3,1.0,0.0,0.0,0.0,0.0,1.0,0.0,0.0,3.435672461411176e-06,0.973512396107965,0.00021951098460704088,0.014815903097922883,0.009231220930814743,0.984109717990636,0.02648760389203492,58.043466329574585,,,,,
5,val,12166-0,3,3,1.0,0.0,0.0,0.0,0.0,1.0,0.0,0.0,3.194801067453889e-05,0.9212312357140445,0.0020438204519450665,0.04520863249364071,0.028114058077335358,0.816381714843314,0.07876876428595551,,1.0212509450502694,63.881628672010265,,,
6,train,12166-0,3,3,1.0,0.0,0.0,0.0,0.0,1.0,0.0,0.0,4.735262155855615e-06,0.9684382485141649,0.000301807071082294,0.017372595404322694,0.011340783908963203,0.9781518348014069,0.03156175148583512,57.446091175079346,,,,,
6,val,12166-0,3,3,1.0,0.0,0.0,0.0,0.0,1.0,0.0,0.0,2.797391212564485e-05,0.9224088219524753,0.001789543777704239,0.04230299963009998,0.026347877457737923,0.839226591787632,0.07759117804752473,,1.0345529399928637,63.38803082500817,,,
7,train,12166-0,3,3,1.0,0.0,0.0,0.0,0.0,1.0,0.0,0.0,2.9116535622943654e-06,0.9763885837243745,0.00018570839893072844,0.01362748688976542,0.007902489975094795,0.986556576099038,0.023611416275625425,57.898033142089844,,,,,
7,val,12166-0,3,3,1.0,0.0,0.0,0.0,0.0,1.0,0.0,0.0,2.3324799207690535e-05,0.9269045209110376,0.0014921114780008793,0.038627858832724335,0.024705812335014343,0.8659484797939989,0.07309547908896245,,1.0225021689548157,63.8711080699577,,,
8,train,12166-0,3,3,1.0,0.0,0.0,0.0,0.0,1.0,0.0,0.0,3.1266024238393286e-06,0.9767921934784437,0.00019977439660578966,0.014134157088620094,0.00903058797121048,0.9855384076302945,0.023207806521556303,56.89474105834961,,,,,
8,val,12166-0,3,3,1.0,0.0,0.0,0.0,0.0,1.0,0.0,0.0,2.278153068954306e-05,0.9269904319128642,0.0014574684901162982,0.03817680565626593,0.0223377738147974,0.8690605939551608,0.07300956808713574,,1.0183461100095883,63.49030706298072,,,
9,train,12166-0,3,3,1.0,0.0,0.0,0.0,0.0,1.0,0.0,0.0,2.636839445395948e-06,0.9770919058885132,0.0001634658401599154,0.012785376027317906,0.00724041648209095,0.9881665280896254,0.022908094111486737,57.02256989479065,,,,,
9,val,12166-0,3,3,1.0,0.0,0.0,0.0,0.0,1.0,0.0,0.0,2.1498296987033395e-05,0.9265692880476394,0.0013753140810877085,0.03708522726218229,0.0223844051361084,0.8764419642423125,0.07343071195236062,,1.1332290609716438,63.12410318100592,,,
10,train,12166-0,3,3,1.0,0.0,0.0,0.0,0.0,1.0,0.0,0.0,4.518583194028241e-06,0.973527405863378,0.00028860775637440383,0.01698845950562922,0.011357156559824944,0.9791079505647293,0.02647259413662195,56.85219717025757,,,,,
10,val,12166-0,3,3,1.0,0.0,0.0,0.0,0.0,1.0,0.0,0.0,2.189572443233524e-05,0.9267040797084884,0.0014008244033902884,0.03742758880011226,0.021420713514089584,0.8741494955350655,0.07329592029151154,,1.0418599040131085,63.382124294003006,,,
11,train,12166-0,3,3,1.0,0.0,0.0,0.0,0.0,1.0,0.0,0.0,3.063975479650537e-06,0.9751794684535607,0.00019581851665861905,0.013993516951024822,0.009202882647514343,0.9858244214108847,0.02482053154643927,57.356847524642944,,,,,
11,val,12166-0,3,3,1.0,0.0,0.0,0.0,0.0,1.0,0.0,0.0,2.138989298128923e-05,0.9284805570345172,0.0013684428995475173,0.036992470849451474,0.02220037952065468,0.8770587000871023,0.07151944296548282,,1.04134132998297,63.17613687698031,,,
12,train,12166-0,3,3,1.0,0.0,0.0,0.0,0.0,1.0,0.0,0.0,2.496436332821622e-06,0.9773800897039817,0.00015709424042142928,0.012533724124195062,0.007101833820343018,0.9886277555076584,0.022619910296018265,57.91075396537781,,,,,
12,val,12166-0,3,3,1.0,0.0,0.0,0.0,0.0,1.0,0.0,0.0,2.0966778173255138e-05,0.9289838726446851,0.0013413290726020932,0.03662415968458653,0.022639289498329163,0.8794946821321756,0.07101612735531494,,1.0158398250350729,63.764893604966346,,,
13,train,12166-0,3,3,1.0,0.0,0.0,0.0,0.0,1.0,0.0,0.0,2.151862223514426e-06,0.9794834884145445,0.0001376022701151669,0.011730399401348911,0.0061879511922597885,0.9900388274785226,0.020516511585455574,57.74567651748657,,,,,
13,val,12166-0,3,3,1.0,0.0,0.0,0.0,0.0,1.0,0.0,0.0,1.926899883171121e-05,0.9320985925470912,0.001232697395607829,0.03510979059475902,0.022184159606695175,0.8892541724664411,0.06790140745290889,,1.0356870589894243,63.354965106991585,,,
14,train,12166-0,3,3,1.0,0.0,0.0,0.0,0.0,1.0,0.0,0.0,2.4935376788384483e-06,0.9779806241564127,0.00015891971997916698,0.012606336501107963,0.007198018953204155,0.9884955427621676,0.022019375843587274,56.53178548812866,,,,,
14,val,12166-0,3,3,1.0,0.0,0.0,0.0,0.0,1.0,0.0,0.0,1.7429729983617294e-05,0.9345036224858683,0.001115011633373797,0.0333917899097038,0.02190261334180832,0.8998267778364701,0.06549637751413169,,1.0404302059905604,63.259145830001216,,,
15,train,12166-0,3,3,1.0,0.0,0.0,0.0,0.0,1.0,0.0,0.0,2.0574178879011378e-06,0.97972113346405,0.0001315760746365413,0.011470661473365052,0.006041077896952629,0.9904750626509948,0.020278866535949996,57.31030535697937,,,,,
15,val,12166-0,3,3,1.0,0.0,0.0,0.0,0.0,1.0,0.0,0.0,1.7938940192993795e-05,0.9345917894242454,0.0011475780047476292,0.03387592072176975,0.023016061633825302,0.8969009261996063,0.06540821057575467,,1.0238293149741367,63.70923233899521,,,
16,train,12166-0,3,3,1.0,0.0,0.0,0.0,0.0,1.0,0.0,0.0,2.0463706422858093e-06,0.9798423783980108,0.00013086381659377366,0.011439572395582524,0.005867867264896631,0.9905266315274392,0.020157621601989202,57.50795245170593,,,,,
16,val,12166-0,3,3,1.0,0.0,0.0,0.0,0.0,1.0,0.0,0.0,1.6256898328448306e-05,0.9367634736639838,0.0010399831226095557,0.032248769319302026,0.020797956734895706,0.9065673385088938,0.06323652633601617,,1.0675592279876582,63.422523306973744,,,
17,train,12166-0,3,3,1.0,0.0,0.0,0.0,0.0,1.0,0.0,0.0,2.0692647256990733e-06,0.9798887913082396,0.00013235455844551325,0.011504545121190722,0.005919184070080519,0.9904187344809056,0.020111208691760418,58.056864500045776,,,,,
17,val,12166-0,3,3,1.0,0.0,0.0,0.0,0.0,1.0,0.0,0.0,1.7125844845401008e-05,0.9362666224490237,0.0010956276673823595,0.033100266877811715,0.019930655136704445,0.9015685032673024,0.0637333775509763,,1.01651824102737,63.96080944000278,,,
18,train,12166-0,3,3,1.0,0.0,0.0,0.0,0.0,1.0,0.0,0.0,2.7344661491455873e-06,0.9754265364978789,0.00017474156629759818,0.013218985070632246,0.007911629974842072,0.987350119778676,0.024573463502121102,58.03032612800598,,,,,
18,val,12166-0,3,3,1.0,0.0,0.0,0.0,0.0,1.0,0.0,0.0,2.0005227431499576e-05,0.9311484703117983,0.001279802294448018,0.035774324514210164,0.02307267114520073,0.8850218471323223,0.0688515296882017,,1.0146384119871072,63.93648277397733,,,
19,train,12166-0,3,3,1.0,0.0,0.0,0.0,0.0,1.0,0.0,0.0,2.3816887474891615e-06,0.9793100899481315,0.0001520919322501868,0.012332555787434606,0.007439976092427969,0.9889901877957648,0.02068991005186848,56.55891013145447,,,,,
19,val,12166-0,3,3,1.0,0.0,0.0,0.0,0.0,1.0,0.0,0.0,2.011435528229431e-05,0.9310056161056561,0.0012868015328422189,0.03587201601307374,0.023415682837367058,0.8843930048968122,0.06899438389434392,,1.0312071669613943,63.13140250899596,,,
20,train,12166-0,3,3,1.0,0.0,0.0,0.0,0.0,1.0,0.0,0.0,2.157112479502835e-06,0.9793520017111739,0.0001379118039039895,0.011743585649365763,0.006377167999744415,0.9900164289276578,0.020647998288826165,56.777671098709106,,,,,
20,val,12166-0,3,3,1.0,0.0,0.0,0.0,0.0,1.0,0.0,0.0,1.629873031837709e-05,0.9381462938905467,0.00104271259624511,0.03229106062434478,0.020464997738599777,0.9063220227202653,0.06185370610945325,,0.9580917140119709,62.90302452398464,,,
21,train,12166-0,3,3,1.0,0.0,0.0,0.0,0.0,1.0,0.0,0.0,2.6043898886593336e-06,0.9775266198686181,0.0001665130112087354,0.012903992064812169,0.007831944152712822,0.9879460509017426,0.022473380131381865,57.28215551376343,,,,,
21,val,12166-0,3,3,1.0,0.0,0.0,0.0,0.0,1.0,0.0,0.0,1.7967634976825595e-05,0.934528495144302,0.001149440067820251,0.033903393160865936,0.02240835130214691,0.8967334652266157,0.06547150485569793,,1.0182267390191555,63.41597610199824,,,
22,train,12166-0,3,3,1.0,0.0,0.0,0.0,0.0,1.0,0.0,0.0,2.229806274266759e-06,0.9781052137326096,0.00014255619316827506,0.011939689827138519,0.006349613890051842,0.9896801048663755,0.021894786267390425,57.9039740562439,,,,,
22,val,12166-0,3,3,1.0,0.0,0.0,0.0,0.0,1.0,0.0,0.0,1.4713658109917383e-05,0.9422981878987919,0.000941327540203929,0.03068106158860754,0.01939159259200096,0.9154304905217785,0.057701812101208005,,1.0199396699899808,63.99899417697452,,,
23,train,12166-0,3,3,1.0,0.0,0.0,0.0,0.0,1.0,0.0,0.0,2.3597540584828997e-06,0.9785546659760379,0.0001508863497292623,0.012283580493050969,0.00712482538074255,0.9890772431558298,0.021445334023962145,57.49217891693115,,,,,
23,val,12166-0,3,3,1.0,0.0,0.0,0.0,0.0,1.0,0.0,0.0,1.777691757584262e-05,0.9349752751788641,0.0011372317094355822,0.03372286626957415,0.02339203655719757,0.8978302443218065,0.06502472482113587,,1.0322076450102031,63.302679158048704,,,
24,train,12166-0,3,3,1.0,0.0,0.0,0.0,0.0,1.0,0.0,0.0,2.123653041992458e-06,0.9801662922564892,0.00013509178825188428,0.011622899304901693,0.006194202229380608,0.9902206528244368,0.019833707743510776,57.8772509098053,,,,,
24,val,12166-0,3,3,1.0,0.0,0.0,0.0,0.0,1.0,0.0,0.0,1.614444368141829e-05,0.9397266004171843,0.001032829051837325,0.0321376578461674,0.020636841654777527,0.9072100692720276,0.06027339958281578,,1.0140830249874853,63.88159010198433,,,
25,train,12166-0,3,3,1.0,0.0,0.0,0.0,0.0,1.0,0.0,0.0,2.4425048436359305e-06,0.9766734092088107,0.0001559668016852811,0.012488666929872104,0.007511163130402565,0.9887092787065324,0.02332659079118924,57.626270055770874,,,,,
25,val,12166-0,3,3,1.0,0.0,0.0,0.0,0.0,1.0,0.0,0.0,1.303910870750184e-05,0.9454148025102012,0.0008341867942363024,0.028882292053026233,0.01867072843015194,0.9250560649228587,0.05458519748979887,,1.0528323829639703,63.41390828200383,,,
26,train,12166-0,3,3,1.0,0.0,0.0,0.0,0.0,1.0,0.0,0.0,1.881345854045952e-06,0.9805572651023804,0.00012031388178002089,0.01096876847143839,0.005325975827872753,0.9912903213693965,0.019442734897619586,57.59639930725098,,,,,
26,val,12166-0,3,3,1.0,0.0,0.0,0.0,0.0,1.0,0.0,0.0,1.4469371252910895e-05,0.9408529301953661,0.0009256689809262753,0.030424808642393716,0.01986720785498619,0.9168374729137441,0.05914706980463386,,1.037032914988231,63.45228700799635,,,
27,train,12166-0,3,3,1.0,0.0,0.0,0.0,0.0,1.0,0.0,0.0,2.2591318457188234e-06,0.9783361417639965,0.00014421051309909672,0.01200876817575794,0.006387484259903431,0.9895604281629149,0.02166385823600345,57.34690237045288,,,,,
27,val,12166-0,3,3,1.0,0.0,0.0,0.0,0.0,1.0,0.0,0.0,1.3814245883613834e-05,0.9440363415082442,0.0008837278001010418,0.029727559605541822,0.020327338948845863,0.9206052591711679,0.05596365849175583,,1.0289235250093043,63.50523927301401,,,
28,train,12166-0,3,3,1.0,0.0,0.0,0.0,0.0,1.0,0.0,0.0,2.2670213232547807e-06,0.9795363183424224,0.0001448948896722868,0.012037229318754662,0.006398108322173357,0.9895110411565987,0.020463681657577597,57.232176780700684,,,,,
28,val,12166-0,3,3,1.0,0.0,0.0,0.0,0.0,1.0,0.0,0.0,1.2505648163361153e-05,0.945680604111269,0.0007999968947842717,0.02828421635443117,0.01935763657093048,0.9281277744769986,0.054319395888730984,,1.0277628949843347,63.444221389014274,,,
29,train,12166-0,3,3,1.0,0.0,0.0,0.0,0.0,1.0,0.0,0.0,2.4568751092290427e-06,0.9793867918972052,0.0001559407392051071,0.012487623441035812,0.0067072720266878605,0.9887116152902644,0.020613208102794805,58.09861898422241,,,,,
29,val,12166-0,3,3,1.0,0.0,0.0,0.0,0.0,1.0,0.0,0.0,1.5788109993436416e-05,0.9400771851784318,0.0010100349318236113,0.031781046738954516,0.021244652569293976,0.9092577753343175,0.05992281482156829,,1.0210363090154715,63.973618972988334,,,
30,train,12166-0,3,3,1.0,0.0,0.0,0.0,0.0,1.0,0.0,0.0,1.89960956375251e-06,0.980737724132246,0.00012149297253927216,0.011022385065822739,0.005410301499068737,0.9912050235770837,0.019262275867754017,56.72532820701599,,,,,
30,val,12166-0,3,3,1.0,0.0,0.0,0.0,0.0,1.0,0.0,0.0,1.622879646878712e-05,0.9383618476632646,0.001038182876072824,0.032220845365583194,0.02273787371814251,0.9067290336977345,0.06163815233673543,,1.0285285210120492,62.98229321098188,,,
31,train,12166-0,3,3,1.0,0.0,0.0,0.0,0.0,1.0,0.0,0.0,2.1915937107673426e-06,0.9789526757747432,0.0001369974052067846,0.011704589066122083,0.006416782736778259,0.990082629182804,0.021047324225256778,57.9756817817688,,,,,
31,val,12166-0,3,3,1.0,0.0,0.0,0.0,0.0,1.0,0.0,0.0,1.342535499719886e-05,0.942625620631388,0.0008588404161855578,0.029305979188308278,0.0203383956104517,0.9228413419632769,0.057374379368612,,0.9360388760105707,63.775485417980235,,,
32,train,12166-0,3,3,1.0,0.0,0.0,0.0,0.0,1.0,0.0,0.0,2.667258847922916e-06,0.9773330028585779,0.00016957554908003658,0.013022117687996703,0.008101756684482098,0.9877243902967756,0.02266699714142201,58.22803807258606,,,,,
32,val,12166-0,3,3,1.0,0.0,0.0,0.0,0.0,1.0,0.0,0.0,1.2128143448934451e-05,0.9451582242729321,0.0007758685969747603,0.027854417907663413,0.01881549321115017,0.9302953736573896,0.05484177572706798,,1.1445904690190218,64.21006256295368,,,
33,train,12166-0,3,3,1.0,0.0,0.0,0.0,0.0,1.0,0.0,0.0,2.141235868471204e-06,0.9793146457191657,0.00013694950030185282,0.011702542471696175,0.006124130915850401,0.9900860805221146,0.020685354280834314,57.28114128112793,,,,,
33,val,12166-0,3,3,1.0,0.0,0.0,0.0,0.0,1.0,0.0,0.0,1.433735648024468e-05,0.9418589870166297,0.0009172086138278246,0.03028545218133328,0.02077605575323105,0.9175973755108109,0.05814101298337023,,1.0234170199837536,63.53163494402543,,,
34,train,12166-0,3,3,1.0,0.0,0.0,0.0,0.0,1.0,0.0,0.0,1.8635095026464687e-06,0.9809887610269536,0.00011915413779206574,0.010915774722486065,0.005367928184568882,0.9913743473906761,0.019011238973046383,57.68799185752869,,,,,
34,val,12166-0,3,3,1.0,0.0,0.0,0.0,0.0,1.0,0.0,0.0,1.4794092011308125e-05,0.9415921397819541,0.0009463962051086128,0.030763553193813825,0.022468164563179016,0.9149751589629613,0.05840786021804592,,1.0419102649902925,63.45018504397012,,,
35,train,12166-0,3,3,1.0,0.0,0.0,0.0,0.0,1.0,0.0,0.0,2.1819024142281364e-06,0.9803707972358416,0.0001395436265738681,0.011812858526786313,0.0066065676510334015,0.9898984177781383,0.01962920276415835,57.05017018318176,,,,,
35,val,12166-0,3,3,1.0,0.0,0.0,0.0,0.0,1.0,0.0,0.0,1.1415291605425565e-05,0.9458241959925602,0.0007302637677639723,0.02702339297282953,0.01872967928647995,0.9343926548989744,0.054175804007439855,,1.0125789960147813,63.31869662099052,,,
36,train,12166-0,3,3,1.0,0.0,0.0,0.0,0.0,1.0,0.0,0.0,1.8423353456792873e-06,0.9810511450910698,0.00011715302389347926,0.01082372504701959,0.005240077152848244,0.9915191530901544,0.018948854908930137,57.43960118293762,,,,,
36,val,12166-0,3,3,1.0,0.0,0.0,0.0,0.0,1.0,0.0,0.0,1.237356334933059e-05,0.9464448696256033,0.0007915656315162778,0.028134776194529747,0.019349563866853714,0.9288854082846406,0.05355513037439676,,1.0405709230108187,63.31517489399994,,,
37,train,12166-0,3,3,1.0,0.0,0.0,0.0,0.0,1.0,0.0,0.0,2.25963872036941e-06,0.9787756154143357,0.00014362639922183007,0.011984423191035523,0.006126385182142258,0.989602673887744,0.02122438458566431,56.80353832244873,,,,,
37,val,12166-0,3,3,1.0,0.0,0.0,0.0,0.0,1.0,0.0,0.0,1.4976005988220352e-05,0.9424313865305484,0.0009580741170793772,0.030952772364997893,0.02078924886882305,0.9139260969003515,0.057568613469451586,,1.01253592496505,63.26204438600689,,,
38,train,12166-0,3,3,1.0,0.0,0.0,0.0,0.0,1.0,0.0,0.0,1.90668218075497e-06,0.9805581124899262,0.00012195439194329083,0.011043296244477498,0.005544284824281931,0.9911716049509427,0.01944188751007379,56.96353316307068,,,,,
38,val,12166-0,3,3,1.0,0.0,0.0,0.0,0.0,1.0,0.0,0.0,1.478437013507953e-05,0.9406304348011147,0.0009458363056182861,0.030754451801621927,0.019873972982168198,0.9150259520570546,0.059369565198885255,,1.0512176039628685,63.159162002033554,,,
39,train,12166-0,3,3,1.0,0.0,0.0,0.0,0.0,1.0,0.0,0.0,2.0625566511060324e-06,0.9802015133949916,0.0001319036091445014,0.011484929653441564,0.005833590403199196,0.9904514207001034,0.019798486605008398,57.02677369117737,,,,,
39,val,12166-0,3,3,1.0,0.0,0.0,0.0,0.0,1.0,0.0,0.0,1.3048747958520482e-05,0.9447803809436571,0.0008347656112164259,0.028892310589781943,0.019837405532598495,0.9250042917968533,0.05521961905634287,,1.0360006770351902,63.39623897400452,,,
40,train,12166-0,3,3,1.0,0.0,0.0,0.0,0.0,1.0,0.0,0.0,2.0115003814846423e-06,0.9803418900772933,0.00012855170643888414,0.011338064492623251,0.005566793959587812,0.9906940540077477,0.019658109922706644,57.59089112281799,,,,,
40,val,12166-0,3,3,1.0,0.0,0.0,0.0,0.0,1.0,0.0,0.0,1.1285748298350336e-05,0.9481735649144327,0.0007219541585072875,0.026869204649696787,0.01899765245616436,0.935139446427985,0.05182643508556733,,1.0233331709750928,63.40639843599638,,,
41,train,12166-0,3,3,1.0,0.0,0.0,0.0,0.0,1.0,0.0,0.0,2.087346225810803e-06,0.9791554360070817,0.0001334815169684589,0.01155342014160564,0.006076204590499401,0.9903370352424685,0.020844563992918293,57.68440389633179,,,,,
41,val,12166-0,3,3,1.0,0.0,0.0,0.0,0.0,1.0,0.0,0.0,1.265895010807999e-05,0.9453927970414604,0.0008098116377368569,0.028457189561459807,0.01962856948375702,0.9272461652036008,0.05460720295853958,,1.0411565570393577,63.50072370801354,,,
42,train,12166-0,3,3,1.0,0.0,0.0,0.0,0.0,1.0,0.0,0.0,1.8698375469135842e-06,0.9811560570267278,0.00011959853873122483,0.010936111682459395,0.005394465290009975,0.991342198175017,0.01884394297327215,57.10058784484863,,,,,
42,val,12166-0,3,3,1.0,0.0,0.0,0.0,0.0,1.0,0.0,0.0,1.1520790007119675e-05,0.9465303046210074,0.0007370284292846918,0.02714826751902765,0.01843043603003025,0.9337852917023197,0.0534696953789926,,1.0253779800259508,63.18718931102194,,,
43,train,12166-0,3,3,1.0,0.0,0.0,0.0,0.0,1.0,0.0,0.0,2.43474083338518e-06,0.9776976394635952,0.00015532020188402385,0.012462752580550728,0.007935208268463612,0.9887561848440758,0.02230236053640476,58.05988574028015,,,,,
43,val,12166-0,3,3,1.0,0.0,0.0,0.0,0.0,1.0,0.0,0.0,8.02655182844241e-06,0.9561976554269386,0.0005135003593750298,0.022660546316782167,0.014680467545986176,0.9538671422819801,0.043802344573061404,,1.0210601979633793,63.99000923195854,,,
44,train,12166-0,3,3,1.0,0.0,0.0,0.0,0.0,1.0,0.0,0.0,2.004821702880542e-06,0.9801790312123306,0.0001282473240280524,0.011324633505242118,0.005794496741145849,0.9907160666562229,0.019820968787669334,57.89539337158203,,,,,
44,val,12166-0,3,3,1.0,0.0,0.0,0.0,0.0,1.0,0.0,0.0,1.2466781889998736e-05,0.9454398961075552,0.0007975074695423245,0.028240174743480687,0.018954360857605934,0.9283517554131859,0.05456010389244477,,1.0139878999907523,63.82293598499382,,,
45,train,12166-0,3,3,1.0,0.0,0.0,0.0,0.0,1.0,0.0,0.0,1.8954850631776275e-06,0.9805918387739424,0.00012116835569031537,0.011007649871353801,0.005401953589171171,0.9912284645597931,0.019408161226057607,57.721266746520996,,,,,
45,val,12166-0,3,3,1.0,0.0,0.0,0.0,0.0,1.0,0.0,0.0,1.0456142684039135e-05,0.9515296545412966,0.000668902532197535,0.025863150082647224,0.01804770529270172,0.939905571694447,0.04847034545870347,,1.0279034829582088,63.31949894299032,,,
46,train,12166-0,3,3,1.0,0.0,0.0,0.0,0.0,1.0,0.0,0.0,2.1843050289543156e-06,0.9796078586607501,0.0001396372535964474,0.01181682079057,0.006638715974986553,0.9898915295202027,0.020392141339249936,57.22220253944397,,,,,
46,val,12166-0,3,3,1.0,0.0,0.0,0.0,0.0,1.0,0.0,0.0,9.497058413950567e-06,0.9512600985885069,0.0006075872224755585,0.02464928442116644,0.01584981009364128,0.9454141869206019,0.04873990141149311,,0.9014810639782809,63.08355555700837,,,
47,train,12166-0,3,3,1.0,0.0,0.0,0.0,0.0,1.0,0.0,0.0,1.8728443258471162e-06,0.9807645535418029,0.00011938888928852975,0.010926522287010161,0.005502833053469658,0.991357296008001,0.01923544645819707,58.17390179634094,,,,,
47,val,12166-0,3,3,1.0,0.0,0.0,0.0,0.0,1.0,0.0,0.0,1.1017448395933517e-05,0.9488298251830013,0.0007048400584608316,0.02654882405043266,0.016990873962640762,0.9366770149636511,0.05117017481699867,,1.0249488720437512,64.16214122896781,,,
48,train,12166-0,3,3,1.0,0.0,0.0,0.0,0.0,1.0,0.0,0.0,1.988865407869212e-06,0.980212660176841,0.00012579470057971776,0.011215823669250412,0.005863469559699297,0.9908936022028207,0.01978733982315889,57.109798192977905,,,,,
48,val,12166-0,3,3,1.0,0.0,0.0,0.0,0.0,1.0,0.0,0.0,1.0372508157797421e-05,0.9498171804397233,0.0006635847967118025,0.025760139687350348,0.016322501003742218,0.9403833391096271,0.05018281956027673,,1.0381405060179532,63.48172862804495,,,
49,train,12166-0,3,3,1.0,0.0,0.0,0.0,0.0,1.0,0.0,0.0,2.2590624145090426e-06,0.9800248976621041,0.00014441637904383242,0.012017336603583692,0.007081619463860989,0.9895456549145769,0.019975102337895942,57.82819414138794,,,,,
49,val,12166-0,3,3,1.0,0.0,0.0,0.0,0.0,1.0,0.0,0.0,9.135297586444993e-06,0.9540462229794257,0.0005844001425430179,0.02417436953765326,0.016113821417093277,0.9474973411478897,0.04595377702057431,,1.0327134289545938,63.76740346098086,,,
50,train,12166-0,3,3,1.0,0.0,0.0,0.0,0.0,1.0,0.0,0.0,2.3048245611252457e-06,0.9782980029429649,0.00014712853590026498,0.012129655225943769,0.007066237274557352,0.9893491610646622,0.02170199705703511,57.665600299835205,,,,,
50,val,12166-0,3,3,1.0,0.0,0.0,0.0,0.0,1.0,0.0,0.0,8.989129927827388e-06,0.9534171808051727,0.0005750819691456854,0.023980866730493405,0.015131307765841484,0.9483344427246503,0.0465828191948273,,1.0176752589759417,63.53263503999915,,,
51,train,12166-0,3,3,1.0,0.0,0.0,0.0,0.0,1.0,0.0,0.0,2.7535555354600278e-06,0.9781505135761284,0.00017580081475898623,0.013258989959985121,0.008261716924607754,0.9872739041501122,0.021849486423871675,57.367674350738525,,,,,
51,val,12166-0,3,3,1.0,0.0,0.0,0.0,0.0,1.0,0.0,0.0,9.648664207153223e-06,0.9513498288580536,0.0006172689609229565,0.024844898086387002,0.016360977664589882,0.9445442959466959,0.0486501711419464,,1.0240150110330433,63.18112432298949,,,
52,train,12166-0,3,3,1.0,0.0,0.0,0.0,0.0,1.0,0.0,0.0,2.0579739760817887e-06,0.9800875069939534,0.00013160058006178588,0.011471729602016685,0.006125380750745535,0.9904734205031972,0.01991249300604655,57.96576118469238,,,,,
52,val,12166-0,3,3,1.0,0.0,0.0,0.0,0.0,1.0,0.0,0.0,1.1389283780272875e-05,0.9479200512072044,0.0007286106119863689,0.026992788147695467,0.018682101741433144,0.9345414079544898,0.05207994879279569,,1.0572771730367094,64.0091192900436,,,
53,train,12166-0,3,3,1.0,0.0,0.0,0.0,0.0,1.0,0.0,0.0,1.969035290384374e-06,0.9803552600380204,0.00012576355948112905,0.011214435317087037,0.005605815909802914,0.9908958714548566,0.01964473996197953,57.48371148109436,,,,,
53,val,12166-0,3,3,1.0,0.0,0.0,0.0,0.0,1.0,0.0,0.0,9.749876330206114e-06,0.9521034265887788,0.0006237385096028447,0.024974757448328597,0.016819626092910767,0.9439632585822311,0.04789657341122118,,1.0410861000418663,63.45888021501014,,,
54,train,12166-0,3,3,1.0,0.0,0.0,0.0,0.0,1.0,0.0,0.0,2.0855953953013564e-06,0.9794910335446531,0.00013304541062097996,0.01153453122675473,0.006155977491289377,0.9903687328201922,0.020508966455346906,57.793211460113525,,,,,
54,val,12166-0,3,3,1.0,0.0,0.0,0.0,0.0,1.0,0.0,0.0,9.356669741034046e-06,0.9528794887785244,0.0005986058386042714,0.024466422676890698,0.01617155224084854,0.9462212468111943,0.04712051122147562,,1.0246307919733226,63.7515394029906,,,
55,train,12166-0,3,3,1.0,0.0,0.0,0.0,0.0,1.0,0.0,0.0,1.9300034105529486e-06,0.9802074762289694,0.00012333110498730093,0.011105453839771743,0.005696640815585852,0.9910719008760682,0.01979252377103054,56.425166845321655,,,,,
55,val,12166-0,3,3,1.0,0.0,0.0,0.0,0.0,1.0,0.0,0.0,1.1610332349658632e-05,0.9475303937143458,0.0007428672397509217,0.02725559098150179,0.015718823298811913,0.9332603145427116,0.052469606285654176,,1.0363851099973544,63.04254052997567,,,
56,train,12166-0,3,3,1.0,0.0,0.0,0.0,0.0,1.0,0.0,0.0,2.2766103286350648e-06,0.9791051237959679,0.0001455112360417843,0.012062803821739965,0.006937863305211067,0.9894664040293586,0.0208948762040321,57.827479124069214,,,,,
56,val,12166-0,3,3,1.0,0.0,0.0,0.0,0.0,1.0,0.0,0.0,8.326923882308511e-06,0.9554729328516121,0.0005327260587364435,0.023080859142077956,0.01489509642124176,0.9521399175931262,0.04452706714838792,,1.0132567230029963,63.82792866701493,,,
57,train,12166-0,3,3,1.0,0.0,0.0,0.0,0.0,1.0,0.0,0.0,1.8488873634858352e-06,0.9812943505940149,0.00011751900456147268,0.010840618273948801,0.005476705729961395,0.9914927476173286,0.018705649405985084,57.56527495384216,,,,,
57,val,12166-0,3,3,1.0,0.0,0.0,0.0,0.0,1.0,0.0,0.0,9.480752362902045e-06,0.9518986249814305,0.0006065163761377335,0.024627553190232552,0.0157716516405344,0.9455105544421856,0.04810137501856952,,1.028930053988006,63.37849037197884,,,
58,train,12166-0,3,3,1.0,0.0,0.0,0.0,0.0,1.0,0.0,0.0,1.788557586041731e-06,0.9810028732243824,0.00011439524678280577,0.010695571363083217,0.005134582053869963,0.9917187867374978,0.018997126775617556,56.99724745750427,,,,,
58,val,12166-0,3,3,1.0,0.0,0.0,0.0,0.0,1.0,0.0,0.0,9.356653499191796e-06,0.9520268220052427,0.000598591985180974,0.024466139564323874,0.015276715159416199,0.946222389757968,0.04797317799475732,,1.0478517709998414,63.162239586992655,,,
59,train,12166-0,3,3,1.0,0.0,0.0,0.0,0.0,1.0,0.0,0.0,1.8209431990160819e-06,0.9812036730053743,0.00011640974844340235,0.010789334939809884,0.0053148409351706505,0.9915729443557951,0.01879632699462579,57.2923686504364,,,,,
59,val,12166-0,3,3,1.0,0.0,0.0,0.0,0.0,1.0,0.0,0.0,8.020551710944087e-06,0.9553756240075697,0.0005131177604198456,0.022652102781416245,0.014974181540310383,0.9539012841306879,0.04462437599243034,,1.0303277869825251,63.433687238022685,,,
60,train,12166-0,3,3,1.0,0.0,0.0,0.0,0.0,1.0,0.0,0.0,2.032627638874266e-06,0.9803246078082354,0.00012863200390711427,0.011341604996962037,0.005208616144955158,0.9906882331434755,0.019675392191764608,58.15320801734924,,,,,
60,val,12166-0,3,3,1.0,0.0,0.0,0.0,0.0,1.0,0.0,0.0,8.486698690020766e-06,0.9551720639674176,0.0005428947042673826,0.023300100949725146,0.016335295513272285,0.9512263055556663,0.04482793603258244,,1.0489011749741621,63.93229170300765,,,
61,train,12166-0,3,3,1.0,0.0,0.0,0.0,0.0,1.0,0.0,0.0,1.769639332438634e-06,0.9813224373183088,0.00011300999904051423,0.01063061611763468,0.004956000484526157,0.9918190805565936,0.018677562681691223,56.80395197868347,,,,,
61,val,12166-0,3,3,1.0,0.0,0.0,0.0,0.0,1.0,0.0,0.0,9.279567473874147e-06,0.9521219107642888,0.0005936286179348826,0.02436449502729089,0.01622401364147663,0.9466683980461521,0.04787808923571127,,1.0194187739980407,63.15475352300564,,,
62,train,12166-0,3,3,1.0,0.0,0.0,0.0,0.0,1.0,0.0,0.0,2.0867965078052876e-06,0.9801076031363447,0.00013338866119738668,0.011549400902098198,0.005830270238220692,0.990343893214408,0.019892396863655258,57.875548124313354,,,,,
62,val,12166-0,3,3,1.0,0.0,0.0,0.0,0.0,1.0,0.0,0.0,8.731562667640933e-06,0.9543021220448722,0.0005585808539763093,0.023634315178915368,0.016020072624087334,0.949816940020407,0.045697877955127766,,1.0502629239927046,64.03490612201858,,,
63,train,12166-0,3,3,1.0,0.0,0.0,0.0,0.0,1.0,0.0,0.0,1.7529602704217158e-06,0.9814037268293672,0.00011156803520862013,0.010562577110185758,0.004878262523561716,0.991923440772291,0.01859627317063285,57.06023550033569,,,,,
63,val,12166-0,3,3,1.0,0.0,0.0,0.0,0.0,1.0,0.0,0.0,8.156695948823879e-06,0.9562825653174023,0.0005218185833655298,0.022843348777390974,0.014500033110380173,0.9531198431321141,0.04371743468259768,,1.062603369995486,63.46585782599868,,,
64,train,12166-0,3,3,1.0,0.0,0.0,0.0,0.0,1.0,0.0,0.0,1.9175228666748574e-06,0.9803164790242885,0.00012264632096048445,0.011074579945103311,0.005248758010566235,0.991121444890281,0.019683520975711463,57.325918674468994,,,,,
64,val,12166-0,3,3,1.0,0.0,0.0,0.0,0.0,1.0,0.0,0.0,7.495929877056079e-06,0.9584883655128833,0.0004795435816049576,0.021898483545783658,0.014434280805289745,0.9569177107797938,0.041511634487116714,,1.0268943299888633,63.631338122999296,,,
65,train,12166-0,3,3,1.0,0.0,0.0,0.0,0.0,1.0,0.0,0.0,1.9834514341075033e-06,0.9803863133245503,0.00012685568071901798,0.011263022716794012,0.005504553206264973,0.9908168740451615,0.0196136866754497,57.76997137069702,,,,,
65,val,12166-0,3,3,1.0,0.0,0.0,0.0,0.0,1.0,0.0,0.0,6.484748688450932e-06,0.9608391897653562,0.00041486264672130346,0.02036817730483765,0.012700820341706276,0.962728721908256,0.03916081023464375,,1.0295407730154693,63.78025179600809,,,
66,train,12166-0,3,3,1.0,0.0,0.0,0.0,0.0,1.0,0.0,0.0,1.8840525403669748e-06,0.9811090531036324,0.00011903322592843324,0.010910234916280823,0.005282903555780649,0.9913830622113604,0.018890946896367562,57.495943784713745,,,,,
66,val,12166-0,3,3,1.0,0.0,0.0,0.0,0.0,1.0,0.0,0.0,7.552190607183314e-06,0.9566451100372417,0.0004831430269405246,0.021980514710545896,0.013994285836815834,0.9565943151167973,0.04335488996275831,,1.0339823700487614,63.32163570501143,,,
67,train,12166-0,3,3,1.0,0.0,0.0,0.0,0.0,1.0,0.0,0.0,1.8420059657092127e-06,0.9812305089366626,0.00011382224329281598,0.010668750784080392,0.005134085193276405,0.9917602908219382,0.018769491063337376,57.9888072013855,,,,,
67,val,12166-0,3,3,1.0,0.0,0.0,0.0,0.0,1.0,0.0,0.0,7.570445198873735e-06,0.9569099395600508,0.00048432452604174614,0.0220073743559232,0.01347847655415535,0.9564883541569971,0.043090060439949195,,1.0330271210405044,64.12395379098598,,,
68,train,12166-0,3,3,1.0,0.0,0.0,0.0,0.0,1.0,0.0,0.0,1.8688842378174263e-06,0.9808132001711775,0.00011948842438869178,0.010931076085577841,0.0055254665203392506,0.991350125966387,0.019186799828822525,57.24627447128296,,,,,
68,val,12166-0,3,3,1.0,0.0,0.0,0.0,0.0,1.0,0.0,0.0,7.862424223864213e-06,0.9562557728889753,0.0005029863677918911,0.02242735757488811,0.014467431232333183,0.9548116128374999,0.04374422711102463,,1.0216203299933113,63.24004149599932,,,
69,train,12166-0,3,3,1.0,0.0,0.0,0.0,0.0,1.0,0.0,0.0,1.8739836812836715e-06,0.9807160203606908,0.0001192248091683723,0.01091901136405546,0.005513104144483805,0.9913691514381008,0.019283979639309147,58.16927170753479,,,,,
69,val,12166-0,3,3,1.0,0.0,0.0,0.0,0.0,1.0,0.0,0.0,6.553827287467958e-06,0.9603241099074985,0.00041929123108275235,0.02047660203946818,0.012522552162408829,0.9623308785576122,0.039675890092501456,,1.0479022989748046,63.99162858596537,,,
70,train,12166-0,3,3,1.0,0.0,0.0,0.0,0.0,1.0,0.0,0.0,2.032191109031146e-06,0.9795195725571176,0.0001299752329941839,0.011400668094203247,0.0059107206761837006,0.9905908679468999,0.020480427442882355,57.93954873085022,,,,,
70,val,12166-0,3,3,1.0,0.0,0.0,0.0,0.0,1.0,0.0,0.0,5.870126095087161e-06,0.9617648674549302,0.0003755442157853395,0.019378963227823606,0.012197190895676613,0.9662611129103831,0.03823513254506981,,1.0256419119541533,63.70446679898305,,,
71,train,12166-0,3,3,1.0,0.0,0.0,0.0,0.0,1.0,0.0,0.0,1.8474422938282016e-06,0.9808942760951057,0.00011817988706752658,0.010871057311390028,0.005314945243299007,0.9914448142222083,0.019105723904894293,56.85336494445801,,,,,
71,val,12166-0,3,3,1.0,0.0,0.0,0.0,0.0,1.0,0.0,0.0,7.074470927789397e-06,0.9590745557122615,0.0004525838594418019,0.02127401841312078,0.013547316193580627,0.9593398113839943,0.04092544428773845,,1.0252494580345228,63.04520598897943,,,
72,train,12166-0,3,3,1.0,0.0,0.0,0.0,0.0,1.0,0.0,0.0,1.9001689930643598e-06,0.9807937323179049,0.0001215480879181996,0.011024884939000478,0.005134519189596176,0.9912010455178064,0.019206267682095136,57.94502878189087,,,,,
72,val,12166-0,3,3,1.0,0.0,0.0,0.0,0.0,1.0,0.0,0.0,6.924551791325913e-06,0.9590476265196012,0.0004429936525411904,0.021047414390874486,0.013251072727143764,0.9602014150283158,0.040952373480398804,,1.02244495798368,63.576650369970594,,,
73,train,12166-0,3,3,1.0,0.0,0.0,0.0,0.0,1.0,0.0,0.0,1.9694737115075608e-06,0.9795448158061044,0.00012595343287102878,0.011222897703847646,0.006103010848164558,0.9908820186216244,0.02045518419389555,56.91604161262512,,,,,
73,val,12166-0,3,3,1.0,0.0,0.0,0.0,0.0,1.0,0.0,0.0,7.284663903271812e-06,0.9574572302276441,0.00046603023656643927,0.021587733474509065,0.01347661204636097,0.9581319132024062,0.04254276977235597,,1.0529293530271389,63.89383901801193,,,
74,train,12166-0,3,3,1.0,0.0,0.0,0.0,0.0,1.0,0.0,0.0,1.9100669804642298e-06,0.9807015621672022,0.00012214749585837126,0.011052035824153452,0.0058748903684318066,0.991157661422817,0.01929843783279778,58.024192571640015,,,,,
74,val,12166-0,3,3,1.0,0.0,0.0,0.0,0.0,1.0,0.0,0.0,6.839302398636344e-06,0.9601795535657449,0.0004375333955977112,0.020917298955594413,0.01356173399835825,0.96069193223918,0.03982044643425503,,1.0345591150107794,64.04660416801926,,,
75,train,12166-0,3,3,1.0,0.0,0.0,0.0,0.0,1.0,0.0,0.0,1.8720818256784343e-06,0.981144422055418,0.0001197384117403999,0.010942504820213693,0.0055152676068246365,0.9913320624831223,0.01885557794458209,57.77502679824829,,,,,
75,val,12166-0,3,3,1.0,0.0,0.0,0.0,0.0,1.0,0.0,0.0,5.995369764247706e-06,0.9617689920401636,0.0003835703828372061,0.019584952970002407,0.011895575560629368,0.965539994811275,0.03823100795983633,,1.0377400789875537,63.988739705004264,,,
76,train,12166-0,3,3,1.0,0.0,0.0,0.0,0.0,1.0,0.0,0.0,1.969443247049585e-06,0.9799867662680473,0.00012590995174832642,0.011220960375490434,0.005602226592600346,0.990885229928437,0.02001323373195274,57.6744909286499,,,,,
76,val,12166-0,3,3,1.0,0.0,0.0,0.0,0.0,1.0,0.0,0.0,6.93128350393913e-06,0.959725923586036,0.00044343710760585964,0.021057946424232817,0.012709290720522404,0.960161693596088,0.04027407641396399,,1.0311187569750473,63.39655401697382,,,
77,train,12166-0,3,3,1.0,0.0,0.0,0.0,0.0,1.0,0.0,0.0,1.7529434771051516e-06,0.9813678232659523,0.00011209883814444765,0.010587673877884965,0.004895058460533619,0.991885033443215,0.01863217673404771,58.16407799720764,,,,,
77,val,12166-0,3,3,1.0,0.0,0.0,0.0,0.0,1.0,0.0,0.0,6.5320633494953555e-06,0.9599987690757177,0.00041790190152823925,0.020442649082940283,0.012246686033904552,0.9624556934015087,0.04000123092428227,,1.0177867679740302,64.04513930500252,,,
78,train,12166-0,3,3,1.0,0.0,0.0,0.0,0.0,1.0,0.0,0.0,1.825941950184481e-06,0.9811201692014779,0.00011642448225757107,0.01079001771349663,0.004972594790160656,0.991571911419084,0.018879830798522016,57.347981691360474,,,,,
78,val,12166-0,3,3,1.0,0.0,0.0,0.0,0.0,1.0,0.0,0.0,6.349391042064177e-06,0.9602006391704291,0.00040620245272293687,0.020154464833454074,0.012469032779335976,0.9635068549471815,0.03979936082957087,,1.012765199993737,63.10765368602006,,,
79,train,12166-0,3,3,1.0,0.0,0.0,0.0,0.0,1.0,0.0,0.0,1.919067965900793e-06,0.9808792000887179,0.00012258943752385676,0.01107201144886767,0.005458054132759571,0.9911257177958206,0.019120799911282165,57.40217113494873,,,,,
79,val,12166-0,3,3,1.0,0.0,0.0,0.0,0.0,1.0,0.0,0.0,6.315381142748814e-06,0.9610489963259172,0.0004040300555061549,0.020100498886996682,0.012387512251734734,0.9637019109420296,0.03895100367408278,,1.0359887550002895,63.49830574198859,,,
80,train,12166-0,3,3,1.0,0.0,0.0,0.0,0.0,1.0,0.0,0.0,1.7338752927957353e-06,0.9815235077538237,0.00011091542546637356,0.010531639258271884,0.004724347032606602,0.9919707178294418,0.018476492246176285,57.061981201171875,,,,,
80,val,12166-0,3,3,1.0,0.0,0.0,0.0,0.0,1.0,0.0,0.0,7.008488890361618e-06,0.9582268652089787,0.0004483673255890608,0.021174685961993883,0.012517360970377922,0.9597187259965958,0.04177313479102124,,1.0256792640429921,63.81700024596648,,,
81,train,12166-0,3,3,1.0,0.0,0.0,0.0,0.0,1.0,0.0,0.0,1.8708183543361967e-06,0.981243439369409,0.00011966296733589843,0.01093905696739433,0.005391797982156277,0.9913375285893904,0.0187565606305909,58.18694472312927,,,,,
81,val,12166-0,3,3,1.0,0.0,0.0,0.0,0.0,1.0,0.0,0.0,5.4205552877756056e-06,0.9628392183135474,0.0003467967617325485,0.018622480010260407,0.010845465585589409,0.9688438984351588,0.03716078168645262,,1.0386776480008848,64.03949434700189,,,
82,train,12166-0,3,3,1.0,0.0,0.0,0.0,0.0,1.0,0.0,0.0,1.845489296420853e-06,0.9810338448640181,0.00011782442743424326,0.010854696100501536,0.0055927676148712635,0.9914705872210519,0.018966155135981894,57.73130464553833,,,,,
82,val,12166-0,3,3,1.0,0.0,0.0,0.0,0.0,1.0,0.0,0.0,5.794315210314586e-06,0.9623009818004397,0.0003706997958943248,0.019253565796867985,0.011416725814342499,0.9666963928952261,0.03769901819956039,,1.0462043869774789,63.69600041996455,,,
83,train,12166-0,3,3,1.0,0.0,0.0,0.0,0.0,1.0,0.0,0.0,1.7809147035523083e-06,0.9812913573671822,0.00011370638094376773,0.010663319414880515,0.005093802232295275,0.9917686759571875,0.018708642632817775,56.817620277404785,,,,,
83,val,12166-0,3,3,1.0,0.0,0.0,0.0,0.0,1.0,0.0,0.0,5.867828021908615e-06,0.9625310563472674,0.0003754009085241705,0.019375265379451466,0.011531597003340721,0.9662740701017928,0.037468943652732574,,1.0432436729897745,63.39247047499521,,,
84,train,12166-0,3,3,1.0,0.0,0.0,0.0,0.0,1.0,0.0,0.0,1.7245096391249222e-06,0.9816051424441072,0.00010972096060868353,0.010474777353656903,0.004910320974886417,0.9920571799035653,0.018394857555892777,57.4522967338562,,,,,
84,val,12166-0,3,3,1.0,0.0,0.0,0.0,0.0,1.0,0.0,0.0,6.322181472299114e-06,0.9611435904388643,0.00040448131039738655,0.020111720721941884,0.012019680812954903,0.9636614203791101,0.03885640956113563,,1.0742812659591436,63.55681443895446,,,
85,train,12166-0,3,3,1.0,0.0,0.0,0.0,0.0,1.0,0.0,0.0,1.8113604360323007e-06,0.9810178661777534,0.00011585568427108228,0.010763627839677582,0.005376353394240141,0.9916130654764308,0.018982133822246564,56.90106010437012,,,,,
85,val,12166-0,3,3,1.0,0.0,0.0,0.0,0.0,1.0,0.0,0.0,6.094730747140817e-06,0.9616893938321405,0.00038992377812974155,0.01974648774161475,0.011967211961746216,0.9649692748169401,0.03831060616785952,,1.0209835650166497,63.67382586700842,,,
86,train,12166-0,3,3,1.0,0.0,0.0,0.0,0.0,1.0,0.0,0.0,1.9308050929126387e-06,0.9809668109082057,0.00012340857938397676,0.01110894141599355,0.005653086118400097,0.991066419128593,0.01903318909179431,58.299437522888184,,,,,
86,val,12166-0,3,3,1.0,0.0,0.0,0.0,0.0,1.0,0.0,0.0,6.09111842909591e-06,0.9603992280209501,0.0003896990092471242,0.019740795557604163,0.011581534519791603,0.9649895202936665,0.03960077197904987,,1.0199434959795326,63.716096086020116,,,
87,train,12166-0,3,3,1.0,0.0,0.0,0.0,0.0,1.0,0.0,0.0,1.884921434417689e-06,0.9809299653396703,0.00012013371451757848,0.010960552655663787,0.004935244098305702,0.9913034127388707,0.019070034660329797,57.97640895843506,,,,,
87,val,12166-0,3,3,1.0,0.0,0.0,0.0,0.0,1.0,0.0,0.0,5.276894461002272e-06,0.963118929248169,0.0003376042877789587,0.018374011205476028,0.010577691718935966,0.9696697164474043,0.03688107075183096,,1.0105118719511665,63.82746998901712,,,
88,train,12166-0,3,3,1.0,0.0,0.0,0.0,0.0,1.0,0.0,0.0,1.8275855813245714e-06,0.9810548937081228,0.00011683536286000162,0.010809040792780904,0.005153334233909845,0.9915421523666237,0.018945106291877158,57.599156618118286,,,,,
88,val,12166-0,3,3,1.0,0.0,0.0,0.0,0.0,1.0,0.0,0.0,5.92778584036017e-06,0.9619024337660476,0.00037923333002254367,0.01947391409097164,0.011554941534996033,0.9659296592181315,0.038097566233952454,,1.0143462989944965,63.41828772198642,,,
89,train,12166-0,3,3,1.0,0.0,0.0,0.0,0.0,1.0,0.0,0.0,1.7763772410629625e-06,0.9813012139705367,0.00011358706979081035,0.010657723480688094,0.005151765886694193,0.9917773071972835,0.01869878602946328,57.95742964744568,,,,,
89,val,12166-0,3,3,1.0,0.0,0.0,0.0,0.0,1.0,0.0,0.0,5.301106249837514e-06,0.9644198573617467,0.0003391439386177808,0.018415861060992526,0.011327511630952358,0.9695313321912041,0.03558014263825331,,1.0475177220068872,64.0338957469794,,,
90,train,12166-0,3,3,1.0,0.0,0.0,0.0,0.0,1.0,0.0,0.0,1.7743792469506801e-06,0.9812813268998782,0.00011327260290272534,0.010642960250922923,0.0050696805119514465,0.9918000661865394,0.018718673100121767,57.000826358795166,,,,,
90,val,12166-0,3,3,1.0,0.0,0.0,0.0,0.0,1.0,0.0,0.0,5.515410963156903e-06,0.9637235780162402,0.0003528611268848181,0.01878459812944685,0.011018876917660236,0.968299034807829,0.03627642198375982,,1.0349725629785098,63.836574401997495,,,
91,train,12166-0,3,3,1.0,0.0,0.0,0.0,0.0,1.0,0.0,0.0,1.8139093245341155e-06,0.9807996773551397,0.00011603645543800667,0.010772021882543994,0.005054551176726818,0.9915999511581337,0.01920032264486023,57.7395076751709,,,,,
91,val,12166-0,3,3,1.0,0.0,0.0,0.0,0.0,1.0,0.0,0.0,5.893147090121418e-06,0.9630457499330256,0.0003770304610952735,0.019417272236214683,0.011233790777623653,0.966127713076394,0.03695425006697443,,1.0179414969752543,63.64330053102458,,,
92,train,12166-0,3,3,1.0,0.0,0.0,0.0,0.0,1.0,0.0,0.0,1.984424916857712e-06,0.980382858760102,0.00012682500528171659,0.011261660858049163,0.0058523076586425304,0.9908190109037773,0.019617141239897988,58.07271885871887,,,,,
92,val,12166-0,3,3,1.0,0.0,0.0,0.0,0.0,1.0,0.0,0.0,4.946065868062631e-06,0.9648523632709021,0.00031643384136259556,0.01778858739086934,0.010288292542099953,0.9715716134459139,0.03514763672909796,,1.0128199519822374,63.84881239698734,,,
93,train,12166-0,3,3,1.0,0.0,0.0,0.0,0.0,1.0,0.0,0.0,1.73057391071614e-06,0.9813749560526368,0.00011070503387600183,0.010521645968003382,0.004894850309938192,0.9919859113138514,0.01862504394736323,58.3205304145813,,,,,
93,val,12166-0,3,3,1.0,0.0,0.0,0.0,0.0,1.0,0.0,0.0,4.830666152340172e-06,0.9660074616819825,0.0003090550599154085,0.01757996188606245,0.010310872457921505,0.972234583483965,0.03399253831801748,,1.0359763799933717,64.16299659700599,,,
94,train,12166-0,3,3,1.0,0.0,0.0,0.0,0.0,1.0,0.0,0.0,1.815468297901462e-06,0.9812025968147955,0.00011566225293790922,0.010754638670727587,0.005514956079423428,0.9916271170705827,0.018797403185204516,56.88069939613342,,,,,
94,val,12166-0,3,3,1.0,0.0,0.0,0.0,0.0,1.0,0.0,0.0,5.711477046378378e-06,0.9629098567810522,0.0003654100000858307,0.019115700355619478,0.011180490255355835,0.9671716842562167,0.03709014321894775,,1.0406070500030182,63.10094511997886,,,
95,train,12166-0,3,3,1.0,0.0,0.0,0.0,0.0,1.0,0.0,0.0,1.8165038538441653e-06,0.9808425253539929,0.00011617429845500737,0.01077841817963134,0.005286852363497019,0.9915899823266878,0.019157474646007096,57.71774649620056,,,,,
95,val,12166-0,3,3,1.0,0.0,0.0,0.0,0.0,1.0,0.0,0.0,5.354118917050132e-06,0.9645377328898277,0.0003425487957429141,0.018508073798829367,0.010802896693348885,0.9692254739873691,0.03546226711017233,,1.0215216290089302,63.829915895999875,,,
96,train,12166-0,3,3,1.0,0.0,0.0,0.0,0.0,1.0,0.0,0.0,1.946498202495742e-06,0.9806643561178924,0.00012447159679140896,0.011156683951399222,0.005666704382747412,0.9909894488954929,0.019335643882107616,57.87706661224365,,,,,
96,val,12166-0,3,3,1.0,0.0,0.0,0.0,0.0,1.0,0.0,0.0,4.61436924684748e-06,0.9663319646286602,0.0002952338836621493,0.017182371304978523,0.009735820814967155,0.9734762400508058,0.033668035371339756,,1.0202674939646386,63.8136078309617,,,
97,train,12166-0,3,3,1.0,0.0,0.0,0.0,0.0,1.0,0.0,0.0,1.7721696416537301e-06,0.9814737493523072,0.00011333292059134692,0.010645793563250554,0.005125030875205994,0.9917957170740462,0.018526250647692775,57.52321267127991,,,,,
97,val,12166-0,3,3,1.0,0.0,0.0,0.0,0.0,1.0,0.0,0.0,5.115024476711143e-06,0.9640431408354169,0.0003272572939749807,0.018090254115821058,0.010042686015367508,0.9705992689207721,0.03595685916458316,,1.0436470640124753,63.30026785196969,,,
98,train,12166-0,3,3,1.0,0.0,0.0,0.0,0.0,1.0,0.0,0.0,2.158266333320451e-06,0.9797970453560456,0.00013797810242976993,0.011746408065011616,0.006531350780278444,0.9900117931232257,0.020202954643954402,57.311413288116455,,,,,
98,val,12166-0,3,3,1.0,0.0,0.0,0.0,0.0,1.0,0.0,0.0,4.904874261439519e-06,0.9651363934703775,0.00031381307053379714,0.017714769841400625,0.010089468210935593,0.9718071134996921,0.034863606529622476,,1.0222398590412922,63.17550263198791,,,
99,train,12166-0,3,3,1.0,0.0,0.0,0.0,0.0,1.0,0.0,0.0,1.8543610868487768e-06,0.9815563623440297,0.00011703410564223304,0.010818230245388246,0.005523568019270897,0.9915279103066936,0.01844363765597035,56.67536950111389,,,,,
99,val,12166-0,3,3,1.0,0.0,0.0,0.0,0.0,1.0,0.0,0.0,4.792713514211445e-06,0.9658405584455438,0.00030663469806313515,0.017510987923676242,0.00994115974754095,0.9724520229288445,0.0341594415544562,,1.0328224319964647,63.601748589018825,,,
100,train,12166-0,3,3,1.0,0.0,0.0,0.0,0.0,1.0,0.0,0.0,1.909956896632264e-06,0.9809674933844661,0.00012216363393235952,0.011052765895121434,0.005778511520475149,0.9911565134102842,0.01903250661553392,57.900301694869995,,,,,
100,val,12166-0,3,3,1.0,0.0,0.0,0.0,0.0,1.0,0.0,0.0,5.467679385316191e-06,0.9635730607503592,0.0003498178266454488,0.018703417512461427,0.010811571963131428,0.9685724307876318,0.03642693924964081,,1.0212811980163679,63.62752028898103,,,
